483 
150 
5701 
5719 
7605 
1770 
4021 
6696 
2834 
1001 
1502 
9488 
5717 
1614 
5100 
8760 
7555 
9907 
6256 
5799 
6930 
8870 
2144 
4383 
4164 
977 
3461 
4626 
7186 
5264 
3045 
889 
4088 
4990 
6232 
2860 
5690 
5712 
1995 
2080 
5819 
7779 
2808 
4931 
4915 
9215 
3443 
8317 
8970 
4328 
2479 
6128 
1967 
3896 
5029 
2716 
2878 
6648 
9186 
9181 
4977 
9189 
8349 
5941 
637 
6445 
1224 
9115 
7967 
5120 
3059 
4461 
3566 
7511 
5743 
8056 
7194 
9528 
310 
9004 
5077 
1440 
4260 
9455 
5684 
4165 
6637 
9381 
4755 
1071 
6898 
1350 
4633 
1508 
4052 
5349 
2184 
25 
6581 
5223 
7959 
5677 
7659 
3364 
9369 
7221 
9001 
6999 
2078 
3772 
2196 
1837 
922 
7049 
8385 
4273 
507 
264 
1308 
2403 
3474 
3326 
6239 
8802 
4337 
4054 
711 
6024 
5288 
3723 
1602 
5795 
4560 
7974 
9132 
9293 
2129 
4081 
1718 
8314 
8098 
7257 
1179 
3085 
2652 
5110 
7444 
7361 
9475 
2977 
7685 
6778 
7193 
1282 
6504 
9049 
8579 
6907 
1553 
7025 
3128 
9733 
669 
7679 
5336 
7973 
2546 
2148 
5712 
9023 
7554 
6340 
2558 
3818 
4955 
2179 
5031 
4880 
8690 
9904 
9061 
4403 
7181 
1091 
6597 
2068 
9627 
3821 
8931 
219 
5670 
7706 
4007 
9963 
3632 
2896 
2035 
2479 
6494 
6156 
6192 
5802 
9452 
6561 
1225 
8183 
6612 
7754 
9031 
9385 
4271 
8077 
7868 
8814 
2996 
5671 
768 
9121 
1158 
510 
2898 
6416 
5066 
6513 
4380 
3855 
4091 
2278 
2586 
8912 
2719 
6543 
1388 
7873 
3283 
1365 
9158 
2057 
2944 
1537 
8295 
3948 
4683 
4673 
2497 
1012 
4024 
4136 
8875 
4067 
7422 
75 
3985 
9709 
1327 
5625 
4689 
7038 
2299 
4046 
2862 
7799 
9766 
1573 
2344 
3673 
6531 
2246 
5846 
5130 
2742 
2688 
1362 
3047 
6558 
8251 
2760 
3286 
7535 
1096 
6472 
7186 
5554 
6190 
5038 
6750 
343 
4442 
3464 
978 
7075 
2082 
4847 
285 
1515 
8380 
7971 
8257 
7508 
2155 
4769 
8348 
7874 
5604 
6592 
4065 
5333 
4443 
7382 
9791 
6274 
8423 
2036 
8386 
8354 
195 
6421 
8874 
9803 
7127 
282 
2327 
906 
3730 
9999 
1898 
3738 
1995 
8548 
3951 
8494 
2011 
9473 
2181 
2560 
3927 
5140 
9359 
4858 
1344 
6143 
5198 
5367 
9593 
710 
6416 
7198 
6867 
7136 
715 
4867 
3166 
4302 
8738 
4583 
6081 
2730 
7181 
2341 
8250 
614 
7084 
4618 
9631 
1858 
4031 
5456 
492 
6925 
5415 
1482 
7514 
2120 
4904 
3654 
2424 
7855 
7159 
8127 
8334 
2523 
4284 
1519 
8154 
9048 
799 
4404 
7725 
1328 
7324 
3983 
6388 
7120 
9860 
2250 
2113 
2006 
5525 
8095 
5564 
5265 
8889 
2674 
6492 
2259 
2130 
5021 
4012 
8015 
8475 
6286 
3759 
8240 
7736 
3168 
6867 
1323 
5500 
9300 
1347 
9030 
9234 
5686 
9362 
6845 
5219 
3508 
7359 
696 
5022 
9026 
4904 
1583 
3834 
393 
2059 
3185 
7020 
4401 
6830 
2177 
695 
2175 
6091 
943 
1844 
7169 
6034 
6096 
707 
7285 
7259 
4349 
9173 
3570 
4775 
9202 
1901 
5044 
324 
4366 
7370 
5726 
9746 
8477 
7046 
55 
2418 
4703 
1721 
7025 
14 
4009 
542 
8648 
9421 
9518 
7985 
4315 
4419 
4922 
7624 
3898 
748 
3478 
6329 
9488 
8755 
2717 
2634 
83 
4548 
4609 
471 
801 
4685 
2256 
2522 
9682 
2835 
1222 
3014 
5607 
8117 
1274 
2108 
9201 
1208 
7187 
2833 
7936 
1583 
8399 
7473 
6155 
2278 
699 
7204 
2743 
910 
4062 
6463 
53 
4432 
8279 
4364 
778 
5408 
3383 
356 
9627 
7921 
210 
9538 
2264 
1928 
1360 
1113 
6617 
4787 
3886 
9703 
9225 
2997 
9536 
6425 
2844 
921 
2100 
8516 
9954 
67 
1740 
5767 
9359 
5301 
6300 
5926 
3256 
1000 
1603 
928 
9534 
9867 
5738 
813 
6557 
1695 
8086 
3505 
8265 
1099 
7866 
3503 
6711 
2895 
8517 
3526 
1651 
4870 
6867 
4839 
6776 
1267 
5228 
8552 
1042 
7688 
9327 
9682 
5929 
8066 
9523 
3978 
9879 
3119 
8875 
3620 
6469 
3752 
9311 
79 
4591 
217 
8815 
307 
678 
7569 
6536 
4121 
7532 
5236 
998 
6068 
1971 
6122 
7223 
861 
2083 
9153 
9321 
5161 
8874 
285 
7466 
8168 
773 
5511 
7787 
2864 
7379 
5 
7525 
975 
275 
6269 
1396 
9265 
4333 
229 
5632 
8866 
436 
7112 
5871 
7358 
4131 
8753 
8192 
1779 
731 
8794 
279 
9802 
453 
3384 
5207 
4138 
5911 
2688 
167 
4109 
377 
8231 
5528 
7686 
6334 
1760 
9840 
9945 
5161 
6248 
60 
9135 
9420 
1656 
4109 
8109 
5391 
2364 
6185 
9891 
7495 
3906 
7358 
2683 
4461 
5590 
1082 
531 
3338 
2729 
1236 
1442 
9849 
6086 
6971 
5403 
4019 
1637 
9214 
2580 
8414 
3233 
5559 
7049 
6077 
4903 
1614 
4731 
3773 
5632 
6915 
2440 
1338 
1104 
1351 
1906 
8509 
789 
8431 
4947 
5694 
3236 
2813 
3824 
7483 
6429 
1121 
6407 
7151 
9773 
5922 
5412 
1855 
7083 
3037 
1668 
2388 
4426 
1649 
552 
6614 
7261 
7594 
721 
5132 
8397 
7420 
3466 
6683 
9773 
9143 
9745 
2385 
4939 
1616 
1318 
576 
8315 
9780 
9274 
6535 
5203 
1079 
1299 
8209 
6899 
7094 
848 
2469 
27 
5224 
2010 
7400 
9825 
4882 
9358 
7633 
2544 
2318 
872 
6467 
3833 
6201 
1437 
3218 
8208 
4702 
9940 
527 
1460 
6570 
1862 
7904 
5328 
7965 
4745 
9669 
7808 
7029 
5518 
2922 
6826 
8831 
2170 
3158 
3150 
5424 
1300 
3979 
888 
7880 
6495 
6086 
9717 
3343 
8002 
4317 
4059 
5933 
3807 
7192 
486 
4218 
3106 
8790 
6557 
9183 
844 
2053 
3852 
1943 
7646 
7845 
4362 
1828 
8369 
6720 
2035 
5601 
5739 
3377 
8613 
5180 
5995 
8302 
3694 
6733 
5974 
282 
9070 
9907 
1125 
4019 
7227 
4944 
668 
3855 
9591 
6069 
5630 
6187 
3973 
4809 
8645 
9930 
8211 
8491 
9024 
686 
6046 
742 
604 
8951 
5554 
9005 
3078 
5434 
4173 
7103 
947 
4653 
6859 
7033 
3620 
6736 
4057 
2393 
5802 
5052 
9785 
1193 
3513 
6321 
4593 
8062 
228 
6315 
3232 
2515 
6339 
4873 
7806 
7278 
1113 
9050 
4897 
7611 
9953 
2176 
6459 
6287 
4735 
9203 
8336 
8899 
2227 
2149 
3401 
5917 
37 
3910 
720 
8570 
8370 
8609 
1733 
3065 
1868 
9023 
1369 
9044 
2810 
2001 
2068 
1562 
3385 
877 
820 
2657 
4275 
3601 
3302 
9231 
9817 
3486 
2647 
210 
825 
3235 
6979 
259 
5822 
7613 
3042 
9156 
3009 
7856 
2181 
6026 
5411 
583 
7293 
7796 
4946 
7905 
4428 
6563 
3399 
9599 
2056 
9779 
5641 
1357 
9719 
83 
6151 
7926 
4489 
4022 
7916 
7540 
5221 
1 
776 
6957 
1852 
8127 
2454 
1917 
5396 
6365 
1983 
3942 
6247 
1806 
3032 
5399 
253 
