483 
150 
5701 
5719 
7605 
1770 
4021 
6696 
2834 
1001 
1502 
9488 
5717 
1614 
5100 
8760 
7555 
9907 
6256 
5799 
6930 
8870 
2144 
4383 
4164 
977 
3461 
4626 
7186 
5264 
3045 
889 
4088 
4990 
3522 
8580 
1462 
4764 
9117 
1157 
9463 
6532 
5309 
7317 
9389 
1318 
9101 
7738 
8126 
8267 
7699 
8281 
3368 
6128 
3854 
8556 
1967 
1743 
3896 
6152 
5029 
2561 
2716 
5349 
2878 
7620 
6648 
5705 
9186 
2847 
9181 
6032 
4977 
8654 
9189 
8349 
339 
5941 
9481 
637 
4516 
6445 
9257 
1224 
5277 
9115 
7030 
7967 
925 
5120 
8497 
3059 
2497 
4461 
1141 
3566 
7484 
7511 
3501 
5743 
6998 
8056 
7351 
7194 
651 
9528 
2695 
310 
6172 
9004 
5996 
5077 
5242 
1440 
552 
1967 
2441 
9702 
669 
6777 
7679 
9624 
7973 
5690 
2546 
4580 
7682 
7852 
3153 
8816 
2576 
8661 
4320 
2938 
760 
9706 
6880 
7624 
6261 
2643 
2971 
9150 
9407 
4258 
4694 
3794 
4833 
8848 
1866 
9473 
4388 
6256 
5357 
9225 
5970 
552 
7343 
8385 
1981 
9396 
8260 
9999 
9918 
5365 
4026 
4682 
6652 
3675 
7539 
9510 
9073 
7894 
9514 
4397 
2879 
4332 
6961 
7733 
6045 
813 
6864 
9065 
4919 
7852 
1321 
7877 
8006 
9494 
299 
7046 
9947 
8763 
5075 
96 
3681 
3312 
6496 
3742 
7541 
6529 
269 
5632 
315 
4022 
8150 
3948 
1208 
7632 
7641 
4346 
8113 
6985 
1250 
700 
7996 
9438 
6805 
9855 
4239 
8818 
4843 
2044 
754 
1126 
6296 
7072 
9490 
375 
665 
587 
5300 
7279 
7000 
8878 
698 
1274 
1735 
419 
8603 
8308 
4322 
8114 
7855 
8963 
3785 
122 
2928 
7441 
8669 
9121 
175 
6354 
334 
6818 
59 
4097 
1816 
646 
1713 
263 
9526 
155 
4694 
7977 
8439 
9641 
6580 
4020 
4575 
1313 
9575 
6735 
1138 
1056 
2224 
8616 
2590 
2749 
8954 
4540 
7984 
1725 
7686 
8118 
6675 
1686 
1360 
4614 
4005 
1603 
6214 
5589 
9706 
4630 
446 
9081 
5346 
1102 
1112 
7050 
4455 
2484 
8929 
6964 
9400 
4859 
4698 
5461 
1896 
4505 
5941 
9469 
8532 
8415 
8834 
7192 
8364 
530 
1305 
8380 
5798 
7697 
2096 
8603 
2594 
5324 
4097 
970 
7106 
1774 
5808 
3246 
453 
5011 
2598 
1652 
6790 
1948 
2900 
2744 
1893 
2216 
3527 
2777 
2265 
3720 
1036 
1607 
1785 
7040 
6893 
1957 
7585 
6099 
2792 
9085 
9604 
2853 
4267 
1810 
2491 
1696 
3866 
1724 
1443 
9337 
4659 
5366 
6487 
6614 
7251 
7524 
3003 
1808 
2748 
5577 
119 
546 
7466 
3428 
6236 
773 
7576 
4133 
1810 
5276 
893 
3991 
2822 
3278 
3270 
6627 
259 
2169 
5027 
7486 
7987 
1022 
3379 
54 
3696 
3482 
3842 
4425 
1193 
4982 
6816 
6295 
5309 
9644 
8396 
9375 
2141 
265 
3166 
1276 
4281 
758 
9607 
4663 
4104 
8516 
6981 
7240 
601 
1200 
2308 
2507 
8914 
4741 
8995 
7603 
677 
3799 
8895 
2291 
4880 
7772 
9666 
6379 
6051 
9235 
7505 
4263 
8389 
2056 
660 
7089 
410 
9379 
9153 
5499 
2325 
367 
3905 
5135 
8296 
9040 
7366 
9255 
9555 
7414 
7570 
2229 
8398 
9708 
275 
8836 
7089 
3614 
9238 
5132 
1812 
1397 
3403 
845 
9950 
8892 
1852 
3636 
5648 
8444 
3976 
6584 
543 
8826 
2405 
1946 
122 
6507 
8774 
221 
5611 
3113 
6592 
4540 
753 
5442 
1679 
9683 
1471 
6111 
5665 
3199 
9383 
4269 
6793 
3014 
5928 
9715 
1551 
3838 
8572 
8902 
2954 
5005 
877 
4458 
7592 
8237 
1551 
1277 
3932 
3831 
7360 
7771 
6300 
8832 
1098 
7351 
5116 
6674 
897 
806 
8842 
4073 
6587 
3328 
8837 
5855 
4352 
2243 
5950 
636 
217 
1508 
3261 
2720 
3481 
4161 
9585 
1173 
8062 
6207 
4585 
8928 
9596 
493 
1012 
4509 
9960 
7597 
3354 
8107 
610 
8410 
6140 
6190 
7680 
9920 
6401 
377 
3756 
4423 
2806 
706 
4536 
538 
6412 
7280 
1947 
3056 
1738 
2909 
7912 
801 
5439 
3760 
7119 
9383 
4083 
6824 
734 
3007 
8457 
922 
8618 
815 
4400 
4638 
5970 
8343 
7938 
1420 
676 
253 
3471 
381 
6180 
1098 
3328 
5461 
6274 
6527 
6733 
94 
8373 
7226 
9377 
8266 
892 
2652 
8692 
1511 
6283 
7469 
4646 
6930 
1454 
6609 
6639 
517 
2280 
639 
8697 
5746 
3498 
29 
1257 
4294 
484 
1950 
4661 
9619 
8732 
8666 
8965 
1603 
7296 
738 
8614 
3660 
9100 
4060 
1438 
2712 
7474 
370 
8031 
610 
3218 
6051 
3710 
416 
1922 
5767 
1185 
1898 
6818 
3324 
3462 
5731 
4505 
4013 
1211 
9014 
2793 
7024 
3516 
6357 
5984 
7135 
3011 
310 
1156 
333 
4207 
7712 
6623 
5317 
4547 
9810 
4982 
1304 
7920 
327 
9712 
7205 
4397 
1184 
5511 
7111 
2272 
9140 
226 
7960 
1845 
3592 
2734 
2677 
3085 
9685 
8945 
489 
6648 
8741 
4635 
3118 
1672 
8813 
8696 
533 
5373 
2790 
3288 
7185 
3619 
3102 
5953 
888 
2492 
7902 
8226 
5523 
5052 
4675 
4347 
5818 
162 
1263 
4642 
340 
5713 
8636 
2302 
7215 
8911 
5592 
1719 
9595 
3904 
137 
2714 
3760 
5491 
2845 
5833 
1412 
3635 
4483 
3708 
2566 
3649 
671 
6565 
3660 
2544 
5774 
6392 
9333 
3994 
9056 
8113 
436 
2303 
7020 
8083 
4789 
6452 
768 
8859 
7678 
3924 
2272 
1706 
4598 
5278 
8376 
7661 
1841 
9633 
2138 
4764 
254 
272 
38 
7402 
9929 
8676 
4071 
3975 
8049 
6458 
693 
1556 
4960 
2847 
5962 
1028 
9853 
71 
1540 
6361 
8697 
2494 
1699 
2234 
195 
2458 
8564 
1099 
5438 
8283 
9981 
1976 
4935 
3506 
7394 
9273 
5560 
4313 
4142 
3201 
4382 
9526 
7100 
9115 
4184 
11 
4409 
7494 
888 
5304 
3249 
3732 
1173 
2234 
4017 
6178 
3309 
8406 
9990 
671 
3961 
9299 
8443 
4906 
8531 
1782 
7200 
5686 
7195 
5176 
5526 
7308 
8533 
387 
5176 
2775 
1902 
4792 
3011 
1075 
2051 
3175 
4086 
2844 
7227 
1428 
5541 
1504 
2389 
8234 
6232 
1791 
1584 
6184 
7790 
9940 
7754 
3640 
8336 
9625 
3817 
5127 
5531 
5217 
3797 
4134 
6628 
3100 
6207 
797 
1938 
32 
5311 
2777 
8868 
1356 
4316 
5972 
9324 
7166 
7940 
3809 
9798 
4422 
6459 
1404 
709 
3488 
6738 
2882 
7857 
4865 
9326 
6968 
1017 
8521 
5147 
2044 
8613 
170 
5938 
120 
22 
4457 
6684 
7783 
9291 
3916 
5466 
2544 
322 
9089 
7906 
4193 
7106 
2713 
9132 
3248 
4435 
2051 
6370 
2184 
6874 
8809 
9765 
6697 
9288 
9013 
1724 
7216 
9745 
9787 
2175 
8698 
845 
8947 
2619 
375 
5611 
6311 
8972 
4956 
3457 
6911 
2321 
632 
5183 
782 
8572 
1840 
3786 
4430 
1774 
4960 
8747 
3870 
6714 
9743 
4318 
7810 
5927 
704 
3704 
3537 
4959 
8865 
1122 
