483 
150 
5701 
5719 
7605 
1770 
4021 
6696 
2834 
1001 
1502 
9488 
5717 
1614 
5100 
8760 
7555 
9907 
6256 
5799 
6930 
8870 
2144 
4383 
4164 
977 
3461 
4626 
7186 
5264 
3045 
889 
4088 
4990 
3522 
8580 
1462 
4764 
9117 
1157 
9463 
6532 
5309 
7317 
9389 
1318 
9101 
7738 
8126 
8267 
7699 
8281 
3368 
6128 
3854 
8556 
1967 
1743 
3896 
6152 
2561 
2716 
5349 
7620 
5705 
2847 
6032 
8654 
8349 
5941 
637 
6445 
1224 
9115 
7967 
5120 
3059 
4461 
3566 
7511 
5743 
8056 
7194 
9528 
310 
9004 
5077 
1440 
4260 
9455 
5684 
4165 
6637 
9381 
4755 
1071 
6898 
1350 
4633 
1508 
4052 
5349 
2184 
25 
6581 
5223 
7959 
5677 
7659 
3364 
9369 
7221 
9001 
1434 
2933 
7153 
8725 
1906 
7369 
1837 
922 
7049 
8385 
4273 
507 
264 
1308 
2403 
3474 
3326 
6239 
8802 
4337 
4054 
711 
6024 
5288 
3723 
1602 
5795 
4560 
7974 
9132 
9293 
2129 
4081 
1718 
8314 
8098 
7257 
7650 
1179 
7945 
3085 
602 
2346 
6096 
8922 
8145 
4495 
4513 
2252 
6439 
4063 
2917 
3129 
3785 
9631 
8080 
6233 
7529 
3128 
9733 
8391 
8535 
7662 
7494 
2860 
4415 
3779 
312 
8148 
2148 
4550 
6815 
3241 
4102 
1484 
8984 
4227 
9099 
8692 
9904 
5085 
6130 
7439 
2761 
3585 
1210 
6076 
5139 
3839 
5419 
9964 
2887 
7697 
5520 
7320 
6099 
2896 
8242 
5661 
5549 
9056 
8182 
8493 
466 
4293 
1355 
2879 
2203 
5492 
8829 
2981 
3948 
6433 
2526 
7497 
5825 
9333 
950 
9091 
9513 
111 
1329 
3384 
6147 
3580 
1235 
2350 
3025 
247 
5898 
7917 
9532 
5359 
5545 
4456 
6400 
5328 
2333 
3534 
9448 
7508 
4428 
5369 
9110 
1885 
1740 
4004 
5020 
5758 
4171 
3854 
3584 
9458 
3295 
6538 
4522 
7719 
2924 
9780 
7931 
6973 
7613 
561 
4891 
6235 
4489 
6015 
8425 
8461 
5539 
1556 
5262 
655 
5009 
7222 
153 
2681 
5461 
3144 
1989 
571 
2868 
666 
5735 
4141 
5079 
1218 
5269 
8374 
5382 
9704 
2422 
9311 
6572 
4615 
4586 
6890 
8952 
5385 
9319 
651 
2985 
6521 
6051 
1615 
2094 
3539 
9976 
2123 
9487 
8345 
3388 
2788 
2995 
3726 
1933 
7421 
3630 
5615 
8128 
3222 
227 
7907 
120 
2602 
1325 
8404 
582 
712 
5436 
7365 
9005 
8133 
8273 
3672 
6883 
2760 
1531 
1407 
822 
38 
2310 
1811 
8842 
3588 
6519 
1190 
6071 
8231 
1892 
6271 
6521 
9724 
8511 
8561 
9350 
9315 
3251 
3689 
5861 
9090 
478 
8345 
7191 
1269 
8545 
8702 
1786 
9189 
963 
8149 
9208 
2813 
7028 
7950 
18 
1942 
9339 
2759 
3659 
2582 
9224 
4156 
6441 
5626 
9702 
5922 
6998 
479 
5872 
8001 
3690 
2313 
3679 
514 
2600 
6115 
2515 
6132 
4714 
5581 
5558 
1845 
6836 
2258 
8917 
5856 
4667 
6274 
4117 
8301 
8209 
502 
7056 
4388 
9934 
735 
4939 
2451 
1726 
1312 
9556 
3190 
8740 
500 
3676 
3516 
5062 
5755 
9369 
9823 
8422 
7385 
5433 
3885 
4822 
4470 
682 
2994 
671 
4499 
9223 
8405 
834 
8403 
764 
1947 
1384 
5236 
2117 
5786 
5100 
1634 
5313 
9339 
1004 
3546 
3555 
1829 
7971 
2661 
5626 
5732 
2318 
3222 
7129 
6905 
8783 
7486 
8354 
7182 
3009 
5025 
8572 
8856 
6092 
7843 
7003 
6596 
100 
2869 
894 
4974 
1986 
3070 
18 
8076 
7631 
6168 
7742 
5273 
7146 
4709 
3539 
1900 
7248 
8283 
1216 
2813 
6112 
2606 
6643 
137 
7642 
4147 
8362 
5788 
5330 
9484 
6688 
9787 
2553 
5822 
3255 
1574 
688 
2333 
4490 
6826 
9317 
6656 
5032 
2413 
4867 
1206 
6741 
4344 
6626 
5474 
3480 
1238 
4345 
7285 
4468 
6966 
9741 
2150 
3519 
1024 
8690 
7671 
6075 
3300 
9556 
3700 
4549 
2924 
2737 
5110 
6120 
3748 
3340 
307 
4599 
3715 
5141 
5884 
2677 
2128 
9847 
7402 
1801 
2484 
9385 
1337 
4304 
7996 
3964 
6841 
8646 
2320 
6975 
2207 
3716 
4971 
3827 
9194 
1639 
7198 
7531 
4259 
4311 
7317 
2853 
5457 
6117 
1879 
9329 
2000 
3825 
5892 
6817 
9901 
2919 
1055 
4501 
5668 
1864 
2443 
6602 
6705 
3885 
2082 
591 
8182 
5046 
4321 
6173 
9176 
2817 
5533 
1957 
6742 
620 
3298 
3538 
3380 
9880 
5381 
4521 
8989 
8441 
6616 
3774 
3033 
6403 
2859 
5234 
2475 
3424 
9589 
4766 
1654 
6805 
4766 
7251 
5349 
9794 
1713 
2889 
3924 
269 
627 
3188 
963 
968 
7025 
132 
9097 
6241 
8092 
5622 
7759 
2218 
9475 
4588 
2833 
7318 
8645 
15 
7979 
9324 
7522 
9308 
5302 
2346 
7115 
8312 
1187 
4236 
7380 
7212 
5007 
6852 
262 
2260 
4331 
3344 
1332 
9273 
9585 
6986 
4130 
8565 
229 
6748 
7533 
4549 
9155 
6607 
3567 
6636 
9058 
2528 
781 
6751 
7516 
806 
8932 
3569 
9879 
4192 
2883 
398 
1587 
7776 
2772 
4085 
110 
416 
2880 
7754 
6660 
9087 
1712 
9878 
3694 
5585 
3049 
6966 
8899 
8889 
1987 
339 
8878 
556 
3866 
4874 
8464 
6583 
911 
6766 
4168 
9248 
5316 
4061 
3380 
8728 
2742 
5999 
5145 
5051 
2638 
321 
3746 
7418 
9197 
8826 
5185 
7006 
7432 
7262 
2406 
5214 
6939 
1213 
6019 
5888 
6234 
431 
4432 
8670 
7570 
2148 
8763 
4341 
3169 
5502 
740 
3035 
7276 
859 
5979 
5914 
967 
5437 
156 
2347 
6971 
1040 
5771 
6241 
9495 
5983 
7532 
572 
1228 
9092 
100 
7503 
1211 
6407 
7299 
2580 
8534 
2738 
1902 
3508 
4613 
1247 
4633 
2778 
4075 
139 
2499 
2284 
83 
7320 
3262 
9487 
8526 
6565 
2579 
5818 
9353 
9690 
2325 
3194 
1317 
3852 
7954 
8170 
2618 
9721 
1076 
38 
9523 
2940 
1008 
7007 
8331 
789 
4941 
6868 
9622 
5961 
6359 
6101 
8127 
3153 
3582 
190 
9741 
8784 
4392 
1981 
9962 
153 
3751 
4559 
2097 
134 
4398 
382 
8926 
5319 
17 
7616 
4973 
3258 
2627 
7173 
2095 
1652 
9292 
222 
8780 
8288 
9454 
9553 
5000 
7740 
5153 
2269 
2570 
4418 
1040 
776 
6542 
5303 
5027 
1443 
907 
455 
1322 
5129 
4287 
7708 
3837 
8171 
2376 
734 
9230 
9965 
5875 
311 
6440 
3869 
4492 
3584 
2202 
3154 
9967 
9198 
4758 
4727 
1516 
8561 
9656 
7718 
9555 
3298 
7949 
724 
7485 
1491 
2694 
3990 
1085 
7457 
5338 
5144 
7349 
5040 
2439 
7940 
4399 
9134 
1942 
4944 
2232 
1091 
6704 
2342 
6544 
6639 
6525 
3121 
3462 
6966 
2341 
3062 
6888 
1149 
4619 
4949 
1825 
3911 
77 
7997 
5276 
7627 
9387 
9695 
9450 
6866 
1075 
7639 
6967 
7545 
1556 
9872 
6654 
5545 
4417 
8965 
5363 
4482 
5221 
6198 
8182 
7092 
1432 
3672 
3227 
1944 
1864 
9837 
4717 
8894 
6240 
7012 
4552 
754 
6385 
3918 
7809 
