483 
150 
5701 
5719 
7605 
1770 
4021 
6696 
2834 
1001 
1502 
9488 
5717 
1614 
5100 
8760 
7555 
9907 
6256 
5799 
6930 
8870 
2144 
4383 
4164 
977 
3461 
4626 
7186 
5264 
3045 
889 
4088 
4990 
3522 
8580 
1462 
4764 
9117 
1157 
9463 
6532 
5309 
7317 
9389 
1318 
9101 
7738 
8126 
8267 
7699 
8281 
3368 
6128 
3854 
8556 
1967 
1743 
3896 
6152 
5029 
2561 
2716 
5349 
2878 
7620 
6648 
5705 
9186 
2847 
9181 
6032 
4977 
8654 
9189 
8349 
339 
5941 
9481 
637 
4516 
6445 
9257 
1224 
5277 
9115 
7030 
7967 
925 
5120 
8497 
3059 
2497 
4461 
1141 
3566 
7484 
7511 
3501 
5743 
6998 
8056 
7351 
7194 
651 
9528 
2695 
310 
6172 
9004 
5996 
5077 
5242 
1440 
552 
4260 
3589 
9455 
6408 
5684 
2412 
4165 
6790 
6637 
308 
9381 
7860 
4755 
7934 
1071 
5254 
6898 
6085 
1350 
9438 
4633 
3543 
1508 
7794 
4052 
3206 
5349 
4023 
2184 
4053 
25 
11 
6581 
4052 
5223 
6594 
7959 
2616 
5677 
3213 
7659 
4787 
3364 
545 
9369 
2059 
7221 
3836 
9001 
9172 
1434 
6241 
6999 
7153 
2078 
8725 
3772 
1906 
2196 
7369 
1837 
922 
7049 
2263 
9282 
4273 
507 
264 
1604 
511 
2403 
7619 
8491 
3326 
6239 
1770 
4533 
4337 
8556 
5029 
2716 
2878 
6648 
9186 
9181 
4977 
9189 
339 
9481 
4516 
9257 
5277 
7030 
925 
8497 
2497 
1141 
7484 
3501 
6998 
7351 
651 
2695 
6172 
5996 
5242 
552 
3589 
6408 
2412 
6790 
308 
7860 
7934 
5254 
6085 
9438 
3543 
7794 
3206 
4023 
4053 
11 
4052 
6594 
2616 
3213 
4787 
545 
2059 
3836 
9172 
6241 
6999 
8725 
1906 
7369 
1837 
922 
7049 
8385 
4273 
507 
264 
1308 
2403 
3474 
3326 
6239 
8802 
4337 
4054 
711 
6024 
5288 
3723 
1602 
5795 
4560 
7974 
9132 
9293 
2129 
4081 
1718 
8314 
8098 
7257 
1179 
3085 
2652 
5110 
7444 
7361 
9475 
2977 
7685 
6778 
7193 
1282 
6504 
9049 
8579 
6907 
1553 
2441 
7529 
9702 
669 
6777 
7679 
5336 
4415 
3779 
2546 
4580 
7682 
4498 
9023 
8156 
3539 
9074 
2558 
2725 
3818 
4955 
7679 
7163 
3895 
7588 
7344 
2491 
8529 
2933 
6199 
1464 
1532 
8965 
5163 
7740 
3574 
5808 
7844 
2441 
9702 
6232 
6777 
9624 
5690 
8148 
728 
3907 
8156 
1995 
7935 
2725 
7679 
7163 
3895 
9672 
2080 
7344 
1844 
7779 
2533 
2933 
4931 
6199 
1464 
8582 
1532 
8965 
5815 
1479 
7368 
5808 
2386 
3899 
5815 
6497 
2313 
1560 
4486 
8805 
4629 
7956 
2262 
407 
8941 
9087 
1088 
879 
6009 
4495 
3813 
9268 
9332 
1271 
4503 
559 
7564 
4933 
4224 
4411 
5457 
3907 
9281 
8315 
2828 
1680 
2684 
9977 
4036 
4452 
866 
6704 
1043 
673 
7735 
4448 
2558 
7278 
4402 
7768 
6901 
8901 
5490 
7269 
7427 
563 
3877 
5439 
5550 
9742 
8774 
2037 
1444 
3029 
2958 
1958 
1921 
9925 
8296 
2095 
9784 
3973 
6166 
3700 
787 
7868 
2730 
2516 
3565 
6317 
3977 
6257 
6100 
2067 
6551 
6196 
3487 
1447 
2787 
9123 
1423 
2781 
6857 
2692 
889 
6663 
1479 
131 
1468 
3158 
319 
5360 
5006 
6075 
8457 
4982 
8164 
3308 
3139 
5735 
8384 
5243 
8211 
4523 
8330 
9590 
7675 
9137 
2871 
2496 
8496 
239 
6243 
4082 
5411 
2174 
8038 
1440 
5697 
8478 
6218 
5979 
1932 
3564 
556 
4482 
8944 
1226 
6833 
6323 
3096 
9375 
4235 
1221 
2632 
8891 
7131 
305 
2540 
3749 
154 
8361 
5905 
2236 
4538 
9604 
1572 
8438 
3181 
3418 
9656 
9158 
6097 
7853 
378 
9248 
9573 
4291 
6587 
9836 
4781 
2910 
6023 
3851 
3936 
4011 
5128 
7235 
9039 
4905 
5302 
3896 
4064 
203 
5998 
7710 
4861 
8228 
5182 
1502 
2904 
9257 
3739 
2731 
3176 
3483 
93 
8112 
7906 
4170 
97 
3427 
5210 
332 
9207 
5708 
4288 
7997 
4484 
1382 
4203 
2583 
7522 
8944 
9532 
8847 
8076 
3161 
8877 
8259 
7180 
9599 
3175 
3567 
5032 
2952 
4076 
2797 
9688 
3993 
1294 
4871 
9231 
3999 
5199 
9542 
7610 
4062 
9646 
7099 
4239 
8013 
7085 
5321 
2275 
5501 
7718 
8368 
2857 
8664 
5527 
2148 
914 
5800 
5674 
628 
8355 
2983 
6485 
2650 
333 
6640 
8907 
7194 
3025 
2387 
2402 
1716 
7372 
8865 
3175 
7523 
9699 
8615 
6529 
6263 
6914 
1289 
1204 
9345 
8448 
8421 
3882 
7843 
2085 
4195 
5132 
8635 
886 
6895 
7766 
3274 
8036 
6202 
4886 
1890 
7569 
3897 
6645 
7851 
8471 
8578 
970 
1603 
208 
8973 
4167 
5710 
2859 
7976 
6726 
681 
6395 
8290 
9632 
2527 
763 
7131 
6609 
5706 
9287 
664 
3023 
209 
7863 
47 
6029 
3766 
2367 
7049 
6376 
6035 
5819 
1009 
8971 
8714 
8897 
6089 
9948 
446 
4553 
8768 
8414 
9498 
6354 
6666 
5496 
1194 
1286 
5384 
2688 
5169 
7445 
5450 
2625 
3955 
3739 
4751 
4615 
1322 
7805 
2623 
6323 
3674 
124 
9164 
8704 
2940 
6009 
8470 
4824 
4509 
3150 
1768 
9398 
5376 
8037 
9652 
8726 
9065 
8290 
4863 
6389 
6462 
9125 
7262 
4847 
4208 
6538 
2115 
4007 
3725 
5519 
9110 
8273 
9414 
218 
6370 
3615 
4192 
4074 
1323 
7631 
9181 
8327 
90 
3597 
724 
6096 
6159 
1858 
6525 
7675 
1654 
1258 
2745 
8418 
3756 
1623 
1142 
5415 
8696 
1918 
5290 
6535 
9736 
5249 
3879 
1844 
7061 
1870 
7287 
2205 
9055 
6515 
6726 
3207 
565 
5098 
3884 
2992 
8223 
8362 
8217 
4160 
9760 
9008 
3033 
5502 
2301 
38 
8305 
8006 
175 
5118 
3877 
3420 
3034 
947 
3518 
1160 
7704 
1356 
3400 
2329 
1548 
153 
7968 
4826 
5758 
4140 
8076 
3046 
7511 
468 
8622 
222 
2707 
5517 
9498 
4454 
6397 
1954 
4839 
5539 
360 
4549 
1660 
5532 
7011 
975 
1486 
7526 
3176 
9458 
4541 
3139 
2695 
5494 
843 
5424 
7152 
2690 
6500 
2240 
6781 
2023 
9294 
1715 
1439 
7221 
1024 
9205 
3893 
398 
8343 
5237 
7198 
8590 
4924 
7291 
6755 
9398 
8217 
5954 
1089 
3544 
8605 
3947 
8762 
4599 
9067 
4405 
8253 
5419 
2030 
1909 
1820 
3242 
8242 
2564 
8710 
4590 
8030 
956 
4193 
750 
490 
8120 
9794 
64 
3308 
8122 
3518 
9062 
9715 
2074 
6024 
3898 
6829 
4992 
5531 
8551 
861 
9310 
4891 
9054 
1064 
4532 
32 
2410 
8808 
3854 
8682 
3673 
9032 
9439 
4003 
2592 
9576 
1288 
6624 
7388 
4396 
6914 
9340 
7107 
2790 
8376 
2293 
7295 
6742 
4546 
5225 
6189 
102 
6446 
3494 
6914 
4152 
8843 
5869 
3939 
7404 
2892 
1450 
9808 
620 
490 
3750 
8472 
5368 
4250 
7257 
6190 
4501 
4371 
5883 
6406 
6846 
8444 
7755 
2418 
8587 
8736 
4469 
5406 
3168 
2017 
8434 
7166 
