483 
150 
5701 
5719 
7605 
1770 
4021 
6696 
2834 
1001 
1502 
9488 
5717 
1614 
5100 
8760 
7555 
9907 
6256 
5799 
6930 
8870 
2144 
4383 
4164 
977 
3461 
4626 
7186 
5264 
3045 
889 
4088 
4990 
3522 
8580 
1462 
4764 
9117 
1157 
9463 
6532 
5309 
7317 
9389 
1318 
9101 
7738 
8126 
8267 
7699 
8281 
3368 
6128 
3854 
8556 
2933 
4252 
2716 
8991 
8385 
7604 
3881 
1308 
3474 
5704 
8802 
6970 
8030 
8500 
3738 
8868 
5504 
4087 
3483 
5428 
1701 
4627 
8008 
69 
4400 
1057 
7395 
9256 
5027 
6049 
9148 
143 
2786 
5901 
1754 
2988 
7761 
7793 
4055 
5172 
3406 
4057 
0 
1391 
3683 
3960 
3538 
8163 
7518 
6664 
7223 
903 
2351 
8788 
4271 
810 
9057 
1992 
1057 
7182 
3158 
5384 
3524 
3268 
5798 
4153 
1960 
4736 
1174 
172 
7307 
7717 
5720 
8259 
8690 
4510 
7808 
2514 
6151 
1189 
7233 
2355 
4948 
2702 
8972 
8625 
870 
5595 
1998 
5603 
527 
6185 
4132 
2268 
6365 
1422 
1772 
6155 
6038 
111 
6710 
2449 
3597 
9299 
9405 
8496 
2933 
1392 
4403 
6858 
5860 
9893 
39 
3630 
3657 
5120 
9366 
9232 
7678 
2489 
8758 
9798 
1463 
4093 
8579 
9651 
8671 
9765 
5256 
6325 
6851 
7491 
2774 
7512 
1820 
2565 
7901 
9511 
7631 
1626 
4245 
7301 
8886 
4668 
4978 
813 
3611 
5027 
4395 
650 
526 
2119 
2727 
799 
674 
1555 
9048 
7222 
6726 
2162 
810 
4549 
2515 
4330 
1576 
2656 
4246 
6075 
8483 
5142 
4907 
8128 
5501 
1255 
4188 
3750 
9558 
1202 
3921 
4554 
3558 
564 
2136 
3866 
4323 
3153 
4796 
6593 
4956 
8674 
9204 
8202 
7923 
5364 
762 
3044 
5179 
1406 
9536 
6764 
2742 
5876 
2479 
222 
7089 
241 
2443 
8492 
4533 
5887 
3424 
8311 
4950 
2607 
675 
5607 
9730 
7906 
2093 
7650 
5069 
6655 
2654 
3253 
2236 
1252 
7805 
1370 
9 
2276 
6752 
7521 
8981 
955 
4231 
9706 
433 
5343 
8715 
7727 
8667 
8567 
8863 
2773 
4852 
7783 
1804 
9673 
4919 
176 
9816 
9465 
5117 
5319 
2133 
4044 
1621 
5747 
4726 
6407 
3234 
2313 
8703 
7491 
1557 
6126 
267 
1373 
6869 
9143 
6671 
2439 
5439 
6367 
1310 
4068 
2039 
2220 
2408 
652 
459 
3659 
4534 
6842 
2490 
7035 
2199 
4238 
4885 
4872 
1064 
8376 
3016 
5394 
5286 
6310 
6195 
1187 
526 
2872 
6714 
8978 
8548 
1106 
7221 
9759 
368 
6931 
257 
8129 
2295 
8326 
7399 
1190 
9869 
1685 
4812 
1074 
7099 
8213 
576 
4001 
6055 
2071 
8159 
6978 
900 
9364 
4537 
2294 
4514 
3549 
6376 
8204 
6178 
7548 
3899 
8803 
2558 
8628 
3582 
5011 
4716 
3860 
1785 
5091 
264 
1165 
1996 
4688 
3668 
4818 
6916 
3804 
9038 
341 
4765 
6056 
373 
6555 
1259 
4855 
5789 
8713 
7120 
8560 
5413 
9940 
2245 
3411 
1041 
9251 
7203 
1918 
1722 
2024 
827 
2494 
2103 
2902 
180 
8130 
419 
1073 
6978 
4101 
9437 
479 
2845 
4630 
5224 
2647 
3704 
2786 
2502 
9686 
5348 
9544 
6374 
2550 
8732 
2386 
5961 
1213 
3799 
763 
8382 
8174 
7694 
7544 
8250 
4315 
6239 
1742 
5184 
9596 
3988 
4337 
5707 
9824 
1194 
8596 
7311 
5863 
5839 
6004 
748 
356 
3699 
6485 
3101 
9970 
6167 
1557 
4246 
7564 
4361 
6119 
586 
5309 
4943 
8991 
9780 
7559 
8782 
7304 
2403 
3415 
8898 
1886 
4164 
4690 
6305 
4666 
4107 
5519 
5623 
3357 
702 
6987 
2317 
4336 
1332 
6755 
5659 
5689 
4978 
8631 
5623 
7520 
5353 
265 
2232 
5424 
4807 
4865 
5966 
8080 
683 
5150 
2035 
8595 
3176 
3528 
3000 
9942 
5909 
6237 
7357 
8210 
274 
8783 
3752 
2113 
4886 
3030 
3072 
3550 
6123 
8164 
7089 
2983 
4225 
3866 
9265 
9609 
616 
4973 
5273 
2531 
4057 
6635 
3133 
9067 
1013 
2940 
4786 
1874 
2921 
5160 
9092 
908 
1611 
4253 
4523 
7675 
3130 
4294 
7501 
6858 
1937 
6408 
5712 
3177 
161 
9678 
6268 
1029 
4474 
9279 
4729 
4186 
923 
2125 
3407 
4552 
1627 
4551 
7391 
9882 
5165 
3904 
1196 
2744 
6597 
6145 
8228 
7780 
7476 
4970 
1821 
4814 
2006 
1606 
5207 
3546 
8565 
1120 
4913 
2241 
5845 
3346 
308 
3084 
1592 
7160 
951 
1353 
1049 
8996 
9833 
1476 
4020 
3289 
7066 
6250 
984 
6678 
8198 
520 
8521 
3818 
5152 
7559 
805 
4919 
3777 
6588 
7215 
2590 
7462 
5139 
8250 
6637 
411 
7440 
8694 
326 
5045 
1682 
3223 
5922 
7982 
4497 
3217 
6080 
4189 
8112 
3966 
2016 
9943 
9434 
2667 
9280 
113 
5498 
7801 
4774 
7729 
3784 
340 
962 
9956 
5604 
8753 
5520 
4251 
1307 
9957 
5995 
4408 
4652 
7966 
3039 
2353 
9181 
5132 
4475 
240 
2553 
7075 
7663 
4752 
5901 
4635 
1309 
8237 
7466 
1383 
2079 
2744 
575 
3830 
4189 
1941 
2790 
3684 
4420 
8965 
2136 
7594 
1607 
1278 
2796 
5366 
7181 
7668 
303 
3186 
6503 
9937 
4892 
1306 
8448 
1248 
3872 
9830 
8835 
3541 
247 
1749 
816 
5384 
994 
2870 
3030 
979 
7422 
361 
5165 
6890 
8934 
1962 
93 
5318 
3860 
8602 
3233 
3197 
6270 
6940 
5906 
6274 
4970 
4850 
8862 
7326 
8596 
1204 
8306 
3975 
892 
8304 
1184 
5267 
4126 
2746 
8968 
3428 
2953 
803 
6030 
6150 
7558 
693 
2615 
2552 
2887 
9722 
3159 
8097 
2147 
1199 
737 
3956 
6264 
6129 
792 
8130 
2610 
4815 
8517 
2485 
9401 
8675 
8560 
1711 
4031 
9089 
6453 
7793 
7731 
4930 
6936 
202 
4488 
7608 
6574 
5894 
862 
7972 
3764 
1174 
1977 
5069 
4654 
9346 
8402 
1455 
2343 
6822 
2801 
4438 
9548 
7870 
2285 
8 
7957 
7916 
3520 
8856 
2027 
3572 
4608 
6776 
3316 
9300 
6478 
9045 
8190 
4692 
9758 
3484 
2164 
7635 
2708 
1395 
2623 
2614 
1443 
7671 
2725 
1797 
788 
4575 
4485 
7092 
4264 
1805 
6534 
6303 
3602 
7462 
377 
2322 
5563 
5797 
6161 
5691 
9005 
7012 
969 
6852 
706 
477 
7097 
6672 
4565 
7991 
7006 
6202 
1534 
5936 
5376 
6424 
738 
9400 
9722 
5886 
7204 
4005 
3399 
4177 
6603 
6847 
9154 
2424 
9058 
2776 
596 
5867 
4880 
2537 
775 
9462 
5778 
3663 
743 
4305 
7008 
4100 
9238 
9088 
1169 
6615 
3754 
7106 
5758 
3673 
9890 
6908 
7050 
8585 
198 
2278 
5745 
9442 
6229 
5628 
2484 
8914 
5913 
1604 
4940 
2178 
6997 
5086 
2695 
7246 
4385 
8622 
473 
5987 
2730 
475 
7623 
9194 
4350 
2221 
6872 
3205 
3895 
7456 
5224 
6181 
9410 
8297 
1906 
9752 
6222 
9497 
3065 
9723 
8913 
2683 
4896 
669 
3162 
7929 
8340 
320 
4252 
817 
145 
983 
2609 
1536 
9881 
8611 
5849 
40 
4741 
9789 
546 
