483 
150 
5701 
5719 
7605 
1770 
4021 
6696 
2834 
1001 
1502 
9488 
5717 
1614 
5100 
8760 
7555 
9907 
6256 
5799 
6930 
8870 
2144 
4383 
4164 
977 
3461 
4626 
7186 
5264 
3045 
889 
4088 
4990 
3522 
8580 
1462 
4764 
9117 
1157 
9463 
6532 
5309 
7317 
9389 
1318 
9101 
7738 
8126 
8267 
7699 
8281 
3368 
3854 
8556 
1743 
6152 
2561 
5349 
7620 
5705 
2847 
6032 
8654 
339 
9481 
4516 
9257 
5277 
7030 
925 
8497 
2497 
1141 
7484 
3501 
6998 
7351 
651 
2695 
6172 
5996 
5242 
552 
3589 
6408 
2412 
6790 
308 
7860 
7934 
5254 
6085 
9438 
3543 
7794 
3206 
4023 
4053 
11 
4052 
6594 
2616 
3213 
4787 
545 
2059 
3836 
9172 
1434 
6241 
2933 
7153 
8725 
1906 
7369 
4252 
2716 
8991 
2263 
9282 
7604 
3881 
1604 
511 
7619 
8491 
5704 
1770 
4533 
6970 
8 
7634 
1670 
1793 
5986 
2200 
5611 
9261 
6851 
5586 
5493 
2077 
2531 
9220 
5258 
5437 
7650 
7945 
602 
2346 
6096 
8922 
8145 
4495 
4513 
2252 
6439 
4063 
2917 
3129 
3785 
9631 
8080 
6233 
7529 
8391 
8535 
7662 
7494 
2860 
4415 
3779 
312 
4580 
7682 
4498 
1423 
3539 
9074 
8460 
2756 
7707 
4116 
8775 
5142 
7588 
3091 
5819 
2491 
8529 
2808 
6920 
1707 
4915 
2330 
3443 
8317 
8970 
3574 
452 
7844 
351 
9102 
4821 
6689 
5893 
8551 
6350 
1585 
8060 
3687 
8297 
9775 
9168 
5500 
8695 
7694 
467 
9755 
500 
2401 
9570 
9313 
7700 
3284 
776 
3101 
6964 
7017 
3891 
8720 
4924 
8171 
7936 
4652 
2433 
3280 
9591 
554 
4940 
7807 
9579 
6168 
7660 
639 
7525 
9601 
2070 
9632 
6230 
7730 
8734 
2438 
1960 
5428 
6112 
4200 
5631 
1503 
4783 
3254 
3771 
7938 
24 
3395 
7036 
778 
5715 
2045 
2861 
2659 
1421 
4107 
7122 
7150 
2046 
1026 
5170 
6469 
7607 
8052 
7360 
3061 
6773 
4509 
8591 
3737 
6359 
4905 
1317 
315 
3936 
6617 
2770 
4171 
5216 
2177 
8303 
2332 
4739 
736 
124 
2009 
8987 
2635 
8735 
3706 
6869 
7773 
2466 
5919 
6953 
4416 
5997 
9320 
5229 
3520 
9408 
4903 
9407 
4191 
7797 
9283 
7714 
2989 
5594 
84 
4404 
205 
7821 
1885 
4438 
7185 
5154 
7763 
1092 
6263 
627 
2604 
5471 
622 
3720 
6147 
8612 
1725 
3523 
1477 
4798 
7399 
3305 
9084 
1498 
5368 
6352 
128 
7691 
8493 
510 
4285 
2367 
3607 
7347 
4643 
6916 
2126 
489 
662 
5470 
3356 
7619 
5790 
5144 
7219 
6634 
9691 
860 
3809 
7056 
7833 
5692 
575 
9466 
9112 
2730 
6997 
2985 
4937 
3595 
2762 
2682 
3780 
3361 
5844 
5271 
9782 
2855 
6375 
732 
1391 
2646 
2778 
8347 
5907 
3938 
4935 
2174 
1922 
7649 
1683 
7046 
7768 
6220 
8219 
8905 
9419 
6061 
7272 
3566 
1160 
4136 
4078 
7991 
415 
3890 
2434 
4191 
170 
6238 
5748 
3500 
7687 
3060 
8898 
466 
4791 
2221 
2372 
1934 
4404 
1152 
5233 
4170 
5786 
3574 
2179 
1014 
4530 
2383 
3284 
6105 
119 
1021 
1895 
9540 
2016 
8224 
9923 
8647 
5965 
1141 
9401 
2250 
2847 
3105 
3300 
3116 
1107 
9500 
5812 
2920 
4301 
351 
6498 
6094 
2215 
8231 
8475 
3396 
7661 
9816 
8335 
7061 
6305 
5235 
7249 
9714 
1557 
1958 
5006 
498 
563 
3502 
7978 
2413 
7505 
8956 
2413 
7065 
8485 
207 
6260 
3608 
7374 
7616 
6 
2854 
7360 
2898 
5231 
3361 
4143 
248 
36 
7854 
5355 
480 
8409 
8212 
4684 
7473 
9148 
1745 
506 
5082 
9265 
2372 
6979 
9685 
5272 
277 
8374 
3263 
5063 
5044 
9486 
3317 
8158 
861 
8505 
4723 
5237 
7902 
10 
4388 
8643 
2612 
6220 
2709 
1483 
1530 
4318 
6343 
7820 
9847 
981 
8946 
6824 
7129 
94 
38 
7543 
3292 
5606 
5854 
817 
6569 
5882 
9466 
7323 
9440 
9680 
1430 
8899 
7634 
1073 
1697 
5708 
5284 
7839 
1364 
4513 
3703 
6317 
1024 
8289 
7675 
3949 
1561 
5560 
6373 
2609 
8733 
8275 
3443 
3840 
1965 
2643 
1575 
3150 
5974 
9841 
7681 
5318 
8244 
4246 
4101 
8796 
6108 
4341 
5145 
2222 
180 
6784 
6385 
942 
4205 
5779 
8538 
9280 
6719 
5771 
361 
9548 
4750 
106 
6740 
1050 
9330 
9772 
8483 
4163 
8127 
3168 
6256 
8269 
129 
5337 
3056 
9606 
1143 
9190 
1074 
563 
7405 
6687 
1032 
8980 
2454 
2176 
3237 
7834 
7198 
6409 
240 
4726 
4054 
8363 
1373 
1541 
3175 
1351 
9934 
5574 
9245 
9542 
5985 
164 
7305 
3007 
3250 
4585 
2205 
8185 
2135 
9941 
8695 
4370 
9652 
2296 
8933 
7551 
8126 
7770 
9909 
1878 
5720 
3942 
191 
7318 
1450 
9571 
4474 
8960 
4066 
9814 
3732 
4634 
523 
4265 
8107 
1169 
7965 
14 
5458 
5646 
5226 
5326 
3862 
5660 
9825 
992 
1425 
7272 
9441 
6240 
5431 
5464 
2422 
7838 
1559 
2374 
2651 
8829 
5370 
8781 
5640 
6525 
2837 
6681 
5901 
625 
9751 
9385 
7512 
5670 
146 
5123 
4116 
8994 
4844 
5653 
6903 
4 
4944 
3012 
1943 
4449 
3235 
2744 
4329 
2581 
1747 
6583 
6392 
2202 
9512 
3589 
5597 
2620 
3937 
5108 
4463 
5091 
3201 
4218 
1089 
6472 
818 
8668 
4767 
8527 
3751 
6517 
8737 
4055 
7346 
1587 
5812 
5775 
1301 
6599 
4160 
5487 
4795 
3202 
7856 
9271 
3068 
8401 
5654 
917 
642 
6307 
326 
4309 
701 
8460 
7304 
6419 
3120 
578 
9086 
3489 
5333 
5512 
3428 
920 
4324 
4855 
1791 
4469 
7926 
7548 
4706 
9891 
432 
9049 
4987 
7524 
7447 
8475 
8385 
9121 
9887 
676 
9187 
2823 
2679 
3296 
8068 
428 
3304 
5141 
785 
8887 
3508 
2511 
3050 
8072 
5667 
1524 
1813 
8230 
7369 
1396 
6911 
5119 
7248 
8745 
9778 
4903 
6522 
1888 
8041 
3878 
7738 
9321 
5838 
7847 
4212 
4190 
2737 
3372 
5564 
904 
2788 
3858 
3627 
8566 
9561 
6178 
1972 
2890 
4174 
4270 
8067 
1483 
14 
148 
2415 
4263 
4083 
1888 
1894 
1584 
7193 
9421 
8605 
7714 
8061 
4523 
8088 
3489 
950 
9886 
2383 
9475 
9126 
9834 
799 
5253 
1617 
6288 
3575 
6427 
5169 
8949 
8731 
8082 
9039 
2412 
6315 
421 
1797 
5934 
298 
9392 
7659 
4398 
277 
5274 
8171 
3461 
1720 
1133 
6957 
981 
5101 
394 
756 
511 
512 
1857 
2030 
6082 
3150 
3613 
4304 
7463 
2720 
5309 
7117 
2786 
1133 
3791 
3454 
9922 
5587 
6408 
1737 
9619 
6868 
606 
7937 
8484 
7350 
6115 
4350 
7532 
1016 
1055 
2240 
7772 
4159 
4170 
3316 
9662 
102 
4851 
2019 
5960 
3188 
2277 
3293 
4377 
6286 
87 
5367 
6987 
7596 
4753 
5143 
4999 
1144 
9507 
7704 
2699 
3472 
879 
385 
1750 
145 
4418 
348 
471 
2954 
5818 
2900 
7841 
