483 
150 
5701 
5719 
7605 
1770 
4021 
6696 
2834 
1001 
1502 
9488 
5717 
1614 
5100 
8760 
7555 
9907 
6256 
5799 
6930 
8870 
2144 
4383 
4164 
977 
3461 
4626 
7186 
5264 
3045 
889 
4088 
4990 
3522 
8580 
1462 
4764 
9117 
1157 
9463 
6532 
5309 
7317 
9389 
1318 
9101 
7738 
8126 
8267 
7699 
8281 
3368 
6128 
3854 
8556 
1967 
1743 
6152 
2561 
5349 
7620 
5705 
2847 
6032 
8654 
8349 
5941 
637 
6445 
1224 
9115 
7967 
5120 
3059 
4461 
3566 
7511 
5743 
8056 
7194 
9528 
310 
9004 
5077 
1440 
4260 
9455 
5684 
4165 
6637 
9381 
4755 
1071 
6898 
1350 
4633 
1508 
4052 
5349 
2184 
25 
6581 
5223 
7959 
2616 
5677 
3213 
7659 
3364 
9369 
7221 
9001 
1434 
2933 
7153 
8725 
1906 
7369 
1837 
922 
7049 
8385 
4273 
507 
264 
1308 
2403 
3474 
3326 
6239 
8802 
4337 
4054 
711 
6024 
5288 
3723 
1602 
5795 
4560 
7974 
9132 
9293 
2129 
4081 
1718 
5258 
5437 
7650 
7945 
602 
2346 
6096 
8922 
8145 
4495 
4513 
2252 
6439 
4063 
2917 
3129 
3785 
9631 
8080 
6233 
7025 
3128 
9733 
8391 
6096 
8337 
1405 
4429 
1397 
1237 
3914 
6643 
3930 
8781 
6421 
655 
400 
9185 
4652 
8242 
1947 
8176 
4873 
223 
4245 
8663 
9271 
5798 
7789 
7794 
6822 
2696 
2606 
1773 
2837 
6151 
8289 
2198 
8450 
1603 
7058 
3718 
4129 
9359 
3346 
6411 
5110 
676 
1852 
797 
14 
7466 
364 
9297 
6354 
6628 
6282 
4498 
5576 
929 
6592 
1145 
488 
6951 
3550 
8285 
7389 
9272 
271 
1382 
1717 
6541 
5671 
1935 
9346 
9784 
4041 
3224 
791 
2713 
321 
2113 
3169 
2202 
6860 
5231 
4272 
2570 
754 
7926 
878 
9605 
6292 
7296 
7450 
8414 
9920 
9922 
9420 
7623 
5296 
3878 
5714 
561 
2780 
9537 
3139 
4331 
1148 
3605 
3080 
1234 
8175 
8442 
6763 
4481 
6096 
9361 
4720 
6743 
1458 
1795 
2727 
2192 
7649 
6266 
120 
3693 
2897 
5801 
5994 
9601 
4760 
3561 
1915 
4745 
8104 
3999 
8626 
2576 
3608 
147 
531 
6096 
1617 
9128 
1705 
3203 
3657 
5237 
1682 
1123 
5342 
8489 
2578 
2679 
6453 
7785 
8572 
1801 
7475 
6973 
4816 
4399 
9953 
1933 
6591 
8447 
67 
6720 
9034 
3719 
3106 
9896 
9446 
5694 
8312 
3409 
8360 
2868 
911 
6764 
6066 
6946 
4781 
762 
9795 
6772 
92 
321 
4036 
4097 
975 
755 
419 
526 
4370 
6870 
8752 
4547 
7478 
5683 
1169 
7836 
7940 
2398 
1681 
6857 
6812 
1048 
9519 
6441 
8289 
4464 
1915 
8671 
2651 
4473 
8095 
8154 
1804 
3284 
2258 
6449 
725 
1720 
8536 
5139 
2421 
9114 
9873 
5848 
2604 
4495 
8070 
7902 
9967 
6608 
2602 
7800 
6912 
1156 
9143 
6290 
6094 
7937 
1689 
5254 
2433 
2513 
6359 
8233 
6439 
8411 
8502 
6766 
4815 
9815 
1281 
388 
3840 
4562 
833 
4538 
6229 
1564 
3443 
5878 
4254 
1395 
4029 
4825 
1399 
1099 
853 
5896 
6857 
565 
2941 
7224 
1494 
5005 
9063 
2024 
20 
6317 
8643 
662 
2723 
7818 
2126 
5885 
8670 
6045 
6367 
5039 
3971 
7711 
2758 
1138 
5622 
1684 
5258 
1718 
8272 
5854 
3245 
6280 
7541 
6822 
8234 
7379 
6793 
9438 
130 
3520 
8674 
2876 
8824 
836 
4719 
6865 
4171 
5555 
2081 
3863 
950 
2411 
9188 
3659 
8261 
7278 
6444 
4239 
2558 
295 
6019 
9761 
4307 
2659 
4650 
8989 
5801 
1805 
2620 
112 
708 
6446 
7091 
9113 
6983 
4602 
6372 
1449 
7438 
8096 
5723 
8178 
362 
115 
4794 
6220 
3843 
5766 
1418 
3301 
770 
9642 
5356 
9658 
8432 
7060 
3091 
8268 
5971 
2703 
1526 
6880 
422 
4925 
8874 
5219 
6388 
5428 
9552 
5873 
5868 
4270 
4529 
2884 
6826 
7524 
4195 
6839 
1805 
1992 
8756 
3816 
7132 
7908 
5375 
7668 
5053 
5927 
333 
2214 
9449 
7814 
1309 
1053 
2939 
825 
7293 
3075 
7657 
7660 
5656 
6751 
211 
6217 
5358 
7467 
1184 
8346 
7483 
9220 
6540 
8007 
7168 
2588 
1446 
3271 
7779 
3862 
8087 
2441 
7134 
7049 
8169 
5792 
7028 
6542 
8842 
4319 
9074 
6951 
5392 
2668 
9465 
2514 
3833 
1535 
1977 
6734 
7704 
7499 
6864 
1594 
7450 
1438 
8036 
5457 
3549 
6291 
931 
6370 
7576 
2753 
1666 
2355 
1862 
6092 
4364 
2308 
8919 
1335 
5965 
9322 
3631 
6195 
6715 
5435 
8670 
602 
8217 
3626 
9612 
4198 
4440 
9124 
8850 
8539 
5985 
7207 
7596 
6441 
7103 
5561 
690 
9915 
9463 
8363 
9723 
5482 
937 
4687 
4077 
2558 
2160 
4894 
9891 
2528 
5059 
36 
5366 
8081 
6079 
2679 
4711 
8308 
1731 
3791 
1984 
9911 
2165 
7070 
6865 
4187 
9939 
1317 
2574 
9058 
5308 
7586 
7180 
4036 
6302 
5000 
781 
4041 
1915 
1505 
685 
6566 
124 
5561 
8846 
8945 
7612 
8310 
4804 
3034 
4167 
7643 
8368 
6643 
5592 
8013 
914 
3201 
5772 
1662 
6422 
5544 
343 
5870 
4592 
723 
4037 
7205 
9175 
7897 
1166 
4097 
5357 
6760 
1825 
4594 
6644 
4158 
1426 
1283 
1647 
9519 
7344 
4601 
7970 
9708 
6732 
9193 
9007 
9041 
4121 
6834 
7018 
9895 
3639 
2049 
5389 
8907 
4722 
3432 
3943 
6317 
5627 
9948 
2763 
1730 
9021 
7232 
4227 
2752 
3046 
444 
9426 
9554 
2505 
1507 
3999 
7762 
4068 
155 
7045 
7827 
3085 
8998 
1599 
468 
2883 
5625 
5622 
2023 
5892 
6955 
9068 
6616 
6406 
5344 
8464 
6227 
460 
8534 
6763 
3596 
3468 
1191 
5971 
9812 
7613 
4830 
6899 
7923 
4275 
9455 
6096 
7719 
7981 
1730 
3580 
8641 
3610 
6068 
4215 
3878 
1647 
4422 
4112 
7578 
5649 
9581 
5154 
2440 
2310 
2755 
4960 
9006 
1904 
8086 
6885 
3906 
8117 
363 
4475 
1266 
9719 
3792 
9947 
3001 
2869 
6640 
7972 
5580 
7812 
3654 
1293 
2002 
7004 
9553 
1058 
8135 
7090 
7499 
5020 
3995 
8150 
891 
3495 
80 
1904 
9444 
9118 
5639 
5549 
8395 
3710 
9276 
8140 
5305 
8323 
4755 
4935 
7147 
1245 
1206 
8364 
5562 
3943 
2324 
8268 
5571 
9964 
1543 
7751 
2817 
8099 
229 
3749 
8667 
2258 
3112 
3228 
3013 
6892 
2985 
5515 
5684 
1835 
7077 
2032 
9678 
5218 
4571 
7992 
6294 
3719 
9871 
1563 
2971 
3202 
9804 
5602 
9507 
2040 
5880 
5579 
7626 
5905 
760 
4468 
6088 
5135 
27 
5502 
5123 
4422 
3867 
5459 
2692 
6660 
3451 
455 
8369 
1066 
2187 
5706 
6630 
59 
3573 
2723 
8672 
1059 
4410 
5340 
5253 
3973 
4815 
1891 
7018 
6075 
9341 
8150 
8283 
3208 
1361 
378 
2953 
290 
4040 
8151 
8049 
4452 
4397 
3339 
7610 
3504 
1626 
2854 
1316 
7407 
9976 
1444 
812 
5667 
5235 
4297 
5761 
8985 
18 
6343 
5653 
6047 
4367 
2020 
