5029 
2878 
6648 
9186 
9181 
4977 
9189 
339 
9481 
4516 
9257 
5277 
7030 
925 
8497 
2497 
1141 
7484 
3501 
6998 
7351 
651 
2695 
6172 
5996 
5242 
552 
3589 
6408 
2412 
6790 
308 
7860 
7934 
5254 
6085 
9438 
3543 
7794 
3206 
4023 
4053 
11 
4052 
6594 
2616 
3213 
4787 
545 
2059 
3836 
9172 
6241 
6999 
2078 
3772 
2196 
4252 
2716 
8991 
2263 
9282 
7604 
3881 
1604 
511 
7619 
8491 
5704 
1770 
4533 
6970 
8 
7634 
1670 
1793 
5986 
2200 
5611 
9261 
6851 
5586 
5493 
2077 
2531 
9220 
5258 
5437 
2652 
5110 
7444 
7361 
9475 
2977 
7685 
6778 
7193 
1282 
6504 
9049 
8579 
6907 
1553 
7025 
6232 
5336 
3896 
5029 
2716 
2878 
6648 
9186 
9181 
4977 
9189 
339 
9481 
4516 
9257 
5277 
7030 
925 
8497 
2497 
1141 
7484 
3501 
6998 
7351 
651 
2695 
6172 
5996 
5242 
552 
3589 
6408 
2412 
6790 
308 
7860 
7934 
5254 
6085 
9438 
3543 
7794 
3206 
4023 
4053 
11 
4052 
6594 
4787 
545 
2059 
3836 
9172 
6241 
6999 
2078 
3772 
2196 
4252 
2716 
8991 
2263 
9282 
7604 
3881 
1604 
511 
7619 
8491 
5704 
1770 
4533 
6970 
8 
7634 
1670 
1793 
5986 
2200 
5611 
9261 
6851 
5586 
5493 
2077 
2531 
9220 
8314 
8098 
7257 
1179 
3085 
2652 
5110 
7444 
7361 
9475 
2977 
7685 
6778 
7193 
1282 
6504 
9049 
8579 
6907 
1553 
2441 
7529 
9702 
6232 
4841 
9617 
3573 
8132 
1892 
1019 
5456 
9126 
9611 
5721 
8056 
659 
8298 
9225 
9777 
5059 
2948 
7611 
9718 
7078 
9045 
3071 
7959 
2607 
1403 
2659 
5383 
8877 
5527 
9236 
8611 
3210 
2570 
1486 
1907 
8655 
3342 
1935 
2415 
8631 
7972 
3361 
2558 
4233 
1799 
1284 
3613 
4232 
9330 
850 
7323 
1034 
6099 
3722 
9608 
6049 
9600 
4055 
2355 
9575 
5509 
3091 
7369 
9649 
874 
813 
6482 
6719 
4780 
645 
6619 
3305 
7217 
2728 
2863 
9134 
2459 
6489 
3140 
556 
6662 
2080 
3333 
6906 
8197 
1887 
7913 
7538 
7668 
9396 
8994 
7252 
6350 
7173 
2247 
6221 
4227 
6747 
2164 
526 
223 
6454 
208 
5620 
9155 
6428 
2384 
6300 
7946 
5881 
6514 
1706 
6368 
935 
9979 
5950 
9832 
7075 
126 
7387 
1823 
3331 
9544 
8330 
9738 
9711 
9801 
7904 
9941 
3473 
8869 
9925 
9794 
5984 
5141 
303 
3343 
4156 
8317 
4862 
9046 
3021 
6606 
6774 
2520 
9457 
7269 
12 
7958 
9335 
5040 
4702 
5681 
1225 
2999 
9682 
2175 
5751 
6197 
4114 
4375 
661 
4980 
3449 
4092 
9277 
4760 
6745 
9551 
6275 
1388 
1510 
164 
1362 
2378 
3157 
3694 
8296 
6911 
7072 
1982 
4153 
6748 
2259 
6423 
1749 
6082 
2783 
4659 
9306 
4404 
3605 
7096 
402 
2168 
4474 
4262 
3975 
2316 
3900 
3058 
7475 
5732 
66 
8157 
5094 
3376 
5959 
3230 
3883 
9783 
9211 
9038 
4120 
5326 
9394 
8476 
7391 
377 
5684 
9536 
3277 
734 
4292 
7905 
6815 
621 
7551 
9929 
2275 
2452 
2468 
4607 
8721 
8014 
1011 
0 
2359 
5372 
4224 
2180 
6074 
1447 
9373 
3797 
8268 
4141 
5091 
9372 
4324 
785 
8866 
4345 
5704 
3509 
6620 
5904 
6768 
4731 
5371 
2555 
7352 
4314 
6969 
4712 
2210 
4554 
8960 
8192 
6644 
17 
5730 
4064 
9645 
5982 
1036 
9353 
1370 
1434 
9530 
5123 
4714 
4144 
8741 
6823 
7682 
5473 
1971 
5358 
5384 
3089 
5965 
5115 
3528 
7398 
1415 
1895 
349 
3209 
9904 
9356 
6004 
2591 
2009 
99 
4741 
8340 
797 
5931 
9504 
1063 
3553 
461 
8247 
83 
962 
6845 
4936 
8672 
2918 
8631 
5340 
4021 
1774 
7840 
3284 
6850 
5565 
4846 
2203 
8327 
9118 
527 
3153 
7773 
5044 
2101 
8300 
5133 
1195 
2617 
1009 
9917 
2590 
7673 
1585 
7551 
6342 
4383 
3434 
753 
2472 
5542 
5999 
3901 
5642 
3123 
2340 
6069 
4277 
8973 
3256 
7564 
544 
7476 
1532 
7484 
6149 
4431 
655 
4163 
6625 
8442 
3000 
1821 
7157 
8871 
4700 
6007 
4821 
759 
7073 
5671 
3256 
8488 
9460 
9194 
1257 
3610 
7567 
4736 
3190 
5498 
4631 
4325 
37 
1767 
1186 
3460 
1647 
9238 
5709 
521 
1428 
5555 
2644 
7359 
3268 
3734 
2927 
939 
2451 
3047 
8195 
7271 
3258 
3942 
2993 
4367 
8471 
3950 
2508 
2935 
1812 
4861 
9714 
7198 
1816 
9003 
1308 
5983 
6352 
4184 
540 
786 
8297 
3194 
7021 
7225 
8797 
9277 
5328 
7845 
9392 
9682 
9405 
1118 
9909 
2377 
5762 
6180 
7213 
1653 
645 
2498 
6822 
7864 
6836 
583 
3671 
9323 
5021 
7915 
6393 
9111 
7520 
437 
1938 
5174 
411 
375 
4326 
1924 
6189 
6047 
2917 
1588 
607 
189 
9744 
7879 
2163 
411 
9817 
95 
9367 
1607 
3683 
4224 
9816 
1507 
1109 
7687 
6176 
6214 
7107 
5662 
6260 
5326 
5974 
3362 
2597 
8061 
9921 
5438 
9602 
4998 
5089 
748 
7074 
3133 
9108 
7960 
9550 
157 
7803 
462 
5968 
4326 
286 
6376 
5998 
3128 
1754 
9418 
9452 
9933 
6336 
8756 
6709 
1070 
3691 
8655 
2496 
7305 
7594 
1994 
8 
5953 
6880 
6425 
4721 
4415 
1237 
8284 
1894 
4101 
2303 
2189 
6598 
8911 
1141 
7513 
1552 
3303 
4516 
2880 
7510 
4325 
3673 
7482 
4154 
3267 
1418 
9737 
8590 
1529 
175 
7346 
4461 
6036 
2581 
6076 
4535 
6470 
5991 
4571 
6596 
9017 
4376 
919 
7372 
4271 
505 
7436 
2073 
2981 
6875 
2661 
4627 
6670 
3491 
5565 
8225 
1610 
1257 
2502 
5604 
8858 
1364 
5055 
6633 
2113 
2397 
664 
8478 
6404 
4397 
7341 
2483 
2793 
1536 
5088 
3278 
5222 
5484 
6065 
130 
726 
9345 
3536 
7886 
504 
9735 
1926 
8004 
7043 
3670 
9614 
3974 
6154 
5665 
7231 
4003 
4456 
6685 
7658 
2685 
8616 
6705 
2346 
7176 
6304 
7182 
8257 
4710 
5914 
9753 
3645 
7104 
6045 
4262 
8372 
8128 
6032 
5129 
192 
7216 
4576 
2560 
4806 
8578 
9386 
6493 
6156 
1472 
1547 
2475 
4729 
8141 
9203 
9596 
4678 
8037 
1463 
8618 
6078 
5950 
136 
954 
4112 
8670 
7545 
3919 
2708 
9942 
4205 
9865 
2030 
2231 
9296 
8455 
2359 
8182 
4720 
2782 
1630 
4757 
428 
572 
3635 
2853 
7286 
7031 
8890 
2626 
477 
9519 
4736 
7491 
6734 
8655 
7601 
9211 
2546 
4965 
9148 
2036 
7586 
1242 
2163 
4366 
9761 
6040 
5792 
4267 
6542 
8610 
4083 
3306 
2362 
7682 
9360 
4540 
6900 
8194 
9906 
8332 
6050 
2958 
930 
656 
3622 
8533 
1033 
4536 
785 
5262 
1988 
6518 
5833 
7504 
8721 
2749 
5492 
6234 
5168 
1747 
2417 
3000 
5550 
8266 
8819 
4509 
14 
7406 
6979 
8845 
240 
8336 
9625 
3574 
9404 
3231 
5663 
5040 
5963 
2481 
6914 
5672 
2180 
9139 
8242 
9189 
