483 
150 
5701 
5719 
7605 
1770 
4021 
6696 
2834 
1001 
1502 
9488 
5717 
1614 
5100 
8760 
7555 
9907 
6256 
5799 
6930 
8870 
2144 
4383 
4164 
977 
3461 
4626 
7186 
5264 
3045 
889 
4088 
4990 
3522 
8580 
1462 
4764 
9117 
1157 
9463 
6532 
5309 
7317 
9389 
1318 
9101 
7738 
8126 
8267 
7699 
8281 
3368 
6128 
3854 
8556 
1967 
1743 
3896 
6152 
5029 
2561 
2716 
5349 
2878 
7620 
6648 
6578 
8338 
9503 
5196 
7521 
3961 
6782 
8059 
1242 
7703 
4731 
1769 
421 
8335 
5168 
8777 
3119 
9695 
4239 
7936 
1177 
1204 
2170 
3389 
8152 
9999 
8888 
7477 
3408 
200 
4066 
8653 
5407 
2963 
2116 
4776 
6055 
8418 
4676 
303 
1747 
3851 
6624 
493 
8501 
2919 
8651 
1977 
8823 
6560 
9958 
6167 
3116 
4023 
4101 
8023 
3530 
8504 
4926 
9852 
4280 
1814 
6157 
7322 
8943 
2147 
4156 
1383 
6287 
4820 
8968 
5180 
4387 
6952 
8656 
2944 
2837 
5743 
192 
4721 
9181 
7972 
6770 
7059 
9483 
2597 
2061 
6269 
8879 
8682 
9743 
9102 
3870 
111 
8825 
9047 
374 
5363 
9184 
614 
5898 
3870 
3057 
2706 
8666 
2236 
8128 
8729 
6307 
5039 
9950 
403 
9551 
9212 
4150 
2496 
5509 
7891 
500 
2338 
46 
7111 
4894 
7660 
6463 
45 
6841 
4049 
4817 
9081 
8661 
2391 
7349 
2042 
5615 
4728 
221 
9715 
7022 
8478 
8328 
1424 
3691 
5815 
10 
363 
4283 
1403 
1780 
6771 
2718 
5660 
1857 
9816 
1752 
5548 
1764 
5794 
4469 
8350 
280 
2122 
9052 
1382 
8765 
686 
5514 
9729 
8207 
5486 
1721 
3364 
289 
9755 
4451 
6111 
703 
9518 
5244 
1334 
7102 
3066 
1251 
8535 
3994 
4716 
6322 
1810 
4044 
796 
1493 
6627 
5592 
5732 
6561 
9854 
7480 
6582 
4605 
6139 
5950 
5979 
1623 
7040 
1632 
7256 
5171 
1091 
3212 
1861 
1111 
7287 
640 
4066 
1395 
4992 
1615 
1997 
1408 
5538 
458 
1305 
4667 
6556 
599 
2894 
131 
6517 
3125 
7332 
8883 
3237 
690 
5546 
7403 
3535 
7843 
4990 
2165 
5709 
6434 
4882 
7377 
6345 
9122 
5059 
964 
7052 
6649 
2526 
1681 
6915 
693 
796 
8332 
9117 
2073 
6625 
7227 
8871 
7867 
8419 
1350 
7720 
8391 
40 
141 
1131 
3922 
1198 
4834 
2504 
3131 
7599 
1646 
2545 
2783 
8790 
6735 
5767 
2938 
5197 
4311 
8410 
9402 
4192 
8198 
2279 
4695 
4782 
6725 
6518 
4794 
5830 
6708 
4657 
9936 
2642 
9786 
7057 
6790 
3833 
8126 
4655 
1607 
6590 
9714 
9681 
3841 
9683 
5422 
5413 
4742 
9544 
6814 
3260 
3524 
4440 
2087 
6673 
8725 
5863 
8288 
6544 
8992 
2824 
4664 
4764 
5964 
94 
3665 
682 
939 
4342 
224 
3340 
6395 
6291 
9732 
6883 
407 
5440 
2054 
9846 
9381 
9570 
5770 
8878 
4613 
9023 
1005 
9222 
2572 
4579 
4327 
7834 
3622 
6282 
3034 
6981 
6420 
6792 
3193 
3511 
3543 
5085 
5501 
2211 
859 
197 
7982 
3299 
13 
6388 
4825 
2559 
5136 
489 
5004 
589 
3452 
931 
4078 
8770 
2064 
9193 
5435 
7487 
8337 
190 
9826 
8139 
7239 
9989 
609 
3428 
9813 
5617 
3499 
9098 
5638 
3802 
6405 
7407 
4689 
8458 
6587 
8232 
9705 
2776 
8344 
9477 
2902 
194 
4296 
3809 
3410 
6096 
7640 
2894 
1699 
1618 
9148 
3032 
5444 
3430 
9009 
3070 
4874 
9386 
4948 
4205 
9285 
9241 
5235 
4651 
9151 
867 
129 
7323 
8262 
7574 
48 
1632 
7210 
4308 
6070 
2958 
9329 
9473 
8083 
5259 
5723 
2419 
1474 
6330 
4303 
2697 
7035 
1084 
1071 
3704 
1456 
7292 
7463 
8034 
3639 
3168 
6282 
3600 
7431 
419 
9104 
7197 
8972 
9765 
3079 
2797 
7889 
5063 
5069 
5291 
8797 
5245 
6976 
2518 
5525 
1204 
189 
2232 
2603 
6008 
8870 
711 
4847 
5840 
7623 
120 
3855 
823 
3366 
6778 
7902 
1984 
6590 
1099 
5397 
4874 
6536 
1047 
3994 
917 
7806 
3479 
5468 
1497 
9737 
9248 
5794 
1407 
6976 
7314 
1949 
1510 
6708 
8594 
6756 
3829 
1867 
8982 
5403 
4389 
1035 
1321 
8135 
7123 
5603 
9277 
2465 
3157 
6728 
7458 
2198 
7788 
1508 
5207 
7060 
2308 
8563 
4821 
2234 
5224 
9594 
1811 
4154 
2622 
1372 
2501 
7196 
2953 
9414 
3517 
8012 
6557 
1214 
8251 
1823 
8801 
2194 
6206 
3433 
2190 
5147 
1253 
8258 
7069 
4309 
5728 
9688 
6662 
3663 
4513 
6733 
5166 
427 
2158 
112 
4209 
2875 
2978 
7337 
3663 
5196 
756 
1602 
2484 
4532 
4280 
7343 
3938 
7377 
5901 
4697 
4500 
9429 
546 
5774 
9074 
2602 
8467 
778 
4191 
4326 
282 
475 
8994 
2793 
7717 
944 
2630 
630 
5617 
4878 
7630 
5879 
8095 
8524 
8190 
4977 
6880 
5164 
8979 
1271 
816 
6018 
1417 
2228 
1871 
2644 
7416 
6301 
1979 
339 
5550 
1671 
3211 
9742 
2756 
4487 
831 
4320 
423 
4937 
7323 
9605 
4985 
311 
7915 
1489 
8470 
9220 
5356 
3944 
9471 
9027 
6755 
4430 
4179 
3285 
7664 
812 
5290 
106 
1116 
9150 
2693 
577 
8979 
3593 
5146 
1328 
2236 
4305 
4568 
8617 
7006 
5767 
7871 
7149 
7469 
9808 
1508 
4366 
5760 
6781 
1692 
2973 
3200 
4001 
1668 
5072 
1117 
8227 
6050 
7722 
8955 
8213 
5837 
3194 
2288 
8712 
8063 
8849 
9339 
6158 
4375 
5531 
9307 
4515 
5080 
6360 
2583 
5490 
1243 
7825 
5750 
463 
4159 
9504 
3052 
4511 
8369 
7666 
8297 
8637 
8814 
9945 
8026 
8146 
8080 
7089 
1799 
5891 
4539 
9588 
8304 
87 
4032 
4816 
8237 
9425 
5083 
1762 
8422 
3446 
3988 
7731 
1399 
9430 
5881 
7643 
5458 
8642 
8649 
4540 
8083 
2354 
9645 
1670 
4402 
9020 
2655 
7180 
3568 
342 
9017 
5830 
4639 
8882 
8760 
2682 
5026 
9982 
1085 
365 
4034 
3116 
3783 
7760 
6246 
200 
2812 
2517 
8915 
4136 
8214 
4012 
1271 
4010 
4837 
4826 
8847 
8719 
4608 
1197 
1313 
2002 
4481 
785 
9942 
3641 
2877 
992 
2175 
4942 
9705 
4232 
9726 
9829 
3628 
8639 
6676 
3786 
1020 
5934 
8996 
6638 
809 
6828 
6858 
9945 
4267 
2691 
8158 
2043 
3688 
8667 
7735 
9552 
8952 
7645 
4592 
5479 
4965 
771 
2004 
46 
7905 
7981 
6192 
8884 
2607 
6403 
9717 
894 
9781 
4802 
6853 
7728 
6540 
8389 
3073 
4086 
8648 
5168 
3863 
9203 
7627 
4383 
2244 
7674 
4091 
938 
6650 
7828 
6861 
1185 
606 
8129 
6252 
2350 
418 
2783 
3259 
5664 
9291 
9937 
3230 
7354 
5503 
9881 
6581 
6974 
1410 
3195 
1947 
4996 
9454 
3847 
6038 
7666 
6700 
5545 
1528 
5258 
5021 
1837 
144 
6619 
6502 
1049 
2426 
5821 
9268 
3139 
8263 
915 
2770 
6484 
3134 
280 
3412 
5504 
378 
194 
1012 
1676 
8642 
1673 
3907 
3853 
8446 
3971 
