483 
150 
5701 
5719 
7605 
1770 
4021 
6696 
2834 
1001 
1502 
9488 
5717 
1614 
5100 
8760 
7555 
9907 
6256 
5799 
6930 
8870 
2144 
4383 
4164 
977 
3461 
4626 
7186 
5264 
3045 
889 
4088 
4990 
3522 
8580 
1462 
4764 
9117 
1157 
9463 
6532 
5309 
7317 
9389 
1318 
9101 
7738 
8126 
8267 
7699 
8281 
3368 
6128 
3854 
1967 
1743 
3896 
6152 
2561 
5349 
7620 
5705 
2847 
6032 
8654 
8349 
5941 
637 
6445 
1224 
9115 
7967 
5120 
3059 
4461 
3566 
7511 
5743 
8056 
7194 
9528 
310 
9004 
5077 
1440 
4260 
9455 
5684 
4165 
6637 
9381 
4755 
1071 
6898 
1350 
4633 
1508 
4052 
5349 
2184 
25 
6581 
5223 
7959 
5677 
7659 
3364 
9369 
7221 
9001 
1434 
2933 
7153 
2078 
3772 
2196 
4252 
2716 
8991 
2263 
9282 
7604 
3881 
1604 
511 
7619 
8491 
5704 
1770 
4533 
6970 
8 
7634 
1670 
1793 
5986 
2200 
5611 
9261 
6851 
5586 
5493 
2077 
2531 
9220 
5258 
5437 
7650 
7945 
602 
2346 
6096 
8922 
8145 
4495 
4513 
2252 
6439 
4063 
2917 
3129 
3785 
9631 
8080 
6233 
7025 
3128 
9733 
8391 
8535 
7662 
7494 
9624 
7973 
312 
8148 
2148 
728 
3907 
1423 
7554 
6340 
7935 
8460 
2756 
7707 
4116 
8775 
5142 
9672 
3091 
1844 
2533 
6920 
6856 
1707 
8582 
2330 
337 
5815 
1479 
7368 
1810 
452 
2386 
6856 
9215 
337 
5163 
7740 
1810 
4328 
2479 
4513 
8645 
5641 
3754 
7596 
5535 
2717 
9783 
4887 
8252 
6063 
8683 
4329 
9022 
4682 
9437 
7868 
1619 
4691 
1163 
2137 
6627 
9291 
6132 
3728 
4573 
2345 
4040 
4562 
6031 
3076 
6074 
87 
9936 
9147 
8190 
1848 
9114 
549 
7673 
7471 
4576 
3003 
2364 
9113 
6877 
8661 
9695 
3045 
2872 
7662 
1789 
8551 
1271 
9015 
1286 
8106 
3025 
2728 
1819 
2002 
4206 
8620 
306 
9929 
9231 
9193 
2128 
8275 
2479 
9396 
7624 
2061 
6714 
7548 
2558 
7279 
1036 
2044 
9963 
9196 
1952 
6121 
9944 
9878 
2235 
7353 
5375 
1760 
8131 
758 
9663 
5065 
770 
2532 
8829 
7214 
4705 
3358 
4428 
9845 
8300 
3023 
2613 
6464 
9393 
97 
8293 
1849 
3434 
157 
1446 
2021 
9527 
6573 
3373 
746 
995 
8207 
4045 
4314 
679 
1200 
4538 
9920 
5274 
952 
6648 
4899 
8897 
9390 
2002 
8745 
9045 
483 
1558 
6423 
9694 
3020 
3960 
7432 
9749 
6992 
5353 
4040 
8877 
4198 
6105 
7516 
6303 
2047 
2453 
5859 
1204 
7019 
5502 
6653 
7614 
5408 
8954 
853 
7278 
6694 
96 
1387 
1803 
9343 
9633 
2453 
9023 
8054 
9828 
7623 
6535 
989 
1183 
6529 
1495 
2755 
4796 
5026 
71 
3120 
3340 
4005 
7425 
1433 
1703 
5438 
9929 
7945 
4743 
3426 
6588 
7410 
7847 
6676 
7561 
1799 
9340 
1971 
5926 
4620 
1440 
619 
3319 
7855 
6489 
6409 
8189 
6719 
8006 
9393 
7100 
6135 
8007 
5730 
6820 
9666 
1709 
8749 
8950 
7093 
1151 
3169 
8156 
549 
5990 
8547 
2549 
5304 
7211 
2082 
5694 
1039 
9938 
917 
7795 
6485 
6344 
9722 
1159 
3839 
4258 
9763 
1622 
685 
5088 
1284 
2767 
5700 
3198 
1726 
135 
5293 
5397 
2756 
6388 
6154 
31 
4247 
3381 
9490 
455 
5180 
9825 
1578 
1356 
1337 
1343 
2590 
296 
2589 
8010 
7216 
2555 
2747 
1805 
6967 
3544 
1316 
3720 
208 
7783 
9082 
9954 
4149 
7915 
9131 
568 
9712 
8835 
9224 
374 
8159 
4541 
3770 
4966 
5114 
3930 
2848 
3008 
8541 
677 
3672 
4948 
8019 
1974 
3319 
1669 
506 
5533 
9194 
5692 
9518 
9490 
7299 
8714 
2031 
7000 
4887 
8954 
2203 
5902 
9682 
2184 
9396 
8939 
3074 
401 
4257 
2723 
7557 
4530 
159 
2725 
6301 
4466 
4998 
887 
3435 
7643 
9306 
7099 
1481 
3125 
7115 
4778 
6445 
3645 
938 
4702 
9150 
9564 
2026 
4060 
525 
9558 
8669 
7710 
4807 
3885 
7385 
1426 
6748 
539 
5890 
3012 
482 
2490 
3800 
3789 
7465 
784 
6886 
7175 
5285 
3299 
1311 
6006 
7945 
4037 
2583 
7986 
2433 
1439 
1945 
2758 
3880 
5123 
5124 
279 
1981 
5444 
6670 
8806 
8472 
2800 
2564 
4277 
9343 
5525 
6273 
4749 
3204 
93 
6725 
300 
413 
6545 
8966 
6511 
9813 
8691 
7802 
1544 
2364 
943 
2890 
2750 
2547 
5458 
8615 
3354 
2270 
4783 
442 
6654 
5078 
6327 
2386 
9963 
1319 
5077 
3875 
758 
1712 
8378 
434 
8049 
3849 
9604 
2589 
6044 
9836 
3340 
808 
973 
8670 
4811 
344 
6674 
8247 
9156 
5489 
7231 
5533 
6844 
5777 
2649 
6576 
9601 
2761 
1225 
9640 
1148 
4777 
2982 
3128 
1095 
3942 
15 
9066 
1400 
4382 
5223 
6431 
5961 
2142 
3744 
467 
5459 
2283 
8650 
7967 
5740 
4964 
359 
8938 
3357 
6825 
1116 
1932 
4227 
9165 
4624 
5403 
8760 
8617 
8902 
7750 
475 
1525 
2627 
7147 
4126 
7458 
6753 
6563 
2239 
2369 
4067 
3569 
5975 
1913 
537 
1054 
9376 
6876 
5097 
3025 
4472 
3381 
7900 
1740 
2655 
8367 
524 
5198 
1666 
5777 
2146 
1095 
6905 
3962 
7885 
3262 
1624 
1443 
9015 
5959 
3032 
7613 
3643 
1577 
1808 
41 
9726 
6702 
6740 
4508 
5352 
2297 
4108 
3739 
2763 
5928 
1410 
5527 
1297 
748 
1653 
447 
9474 
1657 
7639 
559 
276 
297 
3859 
4879 
7891 
3181 
6007 
4095 
5815 
9926 
6707 
8743 
9973 
8042 
4697 
3578 
8074 
7088 
2658 
2595 
4976 
9119 
4906 
8135 
8211 
6248 
9090 
8628 
2002 
9002 
2720 
4497 
8856 
3928 
7525 
8965 
6787 
5064 
2047 
4409 
4754 
8274 
1890 
2586 
5556 
1205 
1024 
2030 
1686 
3954 
5730 
1170 
5188 
8145 
9741 
5950 
3473 
534 
6098 
60 
3179 
5955 
4481 
92 
5299 
6902 
8459 
6998 
2007 
1733 
5240 
6029 
2751 
1364 
9447 
6152 
5668 
6358 
9337 
770 
250 
1709 
6926 
4263 
3526 
4532 
6681 
7345 
6562 
2936 
2180 
274 
9205 
2298 
2114 
9813 
8050 
5517 
6252 
1532 
993 
7349 
4040 
6770 
8802 
6577 
6237 
3145 
5152 
621 
5699 
3808 
6472 
8536 
6460 
6329 
5836 
1281 
6810 
976 
479 
8929 
4502 
2385 
5859 
639 
411 
2958 
4470 
8313 
2681 
8527 
8815 
2091 
5261 
4970 
6971 
5131 
2675 
2395 
7150 
949 
5897 
6128 
8439 
8928 
9819 
7459 
5849 
834 
9238 
4296 
6200 
7833 
6221 
2164 
5700 
6122 
4411 
4144 
6667 
7203 
171 
5248 
4071 
334 
3267 
5945 
1229 
3367 
9686 
6656 
6189 
6538 
6872 
6489 
7541 
1320 
4269 
9270 
9989 
6279 
2069 
900 
3639 
2220 
9260 
8653 
6390 
6600 
8206 
8418 
4115 
5834 
5346 
3980 
7651 
3452 
7175 
6637 
2833 
1660 
9959 
6918 
2536 
401 
5335 
18 
148 
4713 
4610 
5622 
9840 
7809 
7316 
5211 
4451 
6922 
5507 
