0
8
9
39
40
69
93
111
113
143
145
150
161
172
176
180
198
202
222
240
241
247
257
264
265
267
274
303
308
320
326
340
341
356
361
368
373
377
411
419
433
459
473
475
477
479
483
520
526
526
527
546
564
575
576
586
596
616
650
652
669
674
675
683
693
702
706
737
738
743
748
762
763
775
788
792
799
803
805
810
810
813
816
817
827
862
870
889
892
900
903
908
923
951
955
962
969
977
979
983
984
994
1001
1013
1029
1041
1049
1057
1057
1064
1073
1074
1106
1120
1157
1165
1169
1174
1174
1184
1187
1189
1190
1194
1196
1199
1202
1204
1213
1248
1252
1255
1259
1278
1306
1307
1308
1309
1310
1318
1332
1353
1370
1373
1383
1391
1392
1395
1406
1422
1443
1455
1462
1463
1476
1502
1534
1536
1555
1557
1557
1576
1592
1604
1606
1607
1611
1614
1621
1626
1627
1682
1685
1701
1711
1722
1742
1749
1754
1770
1772
1785
1797
1804
1805
1820
1821
1874
1886
1906
1918
1937
1941
1960
1962
1977
1992
1996
1998
2006
2016
2024
2027
2035
2039
2071
2079
2093
2103
2113
2119
2125
2133
2136
2136
2144
2147
2162
2164
2178
2199
2220
2221
2232
2236
2241
2245
2268
2276
2278
2285
2294
2295
2313
2317
2322
2343
2351
2353
2355
2386
2403
2408
2424
2439
2443
2449
2479
2484
2485
2489
2490
2494
2502
2514
2515
2531
2537
2550
2552
2553
2558
2565
2590
2607
2609
2610
2614
2615
2623
2647
2654
2656
2667
2683
2695
2702
2708
2716
2725
2727
2730
2742
2744
2744
2746
2773
2774
2776
2786
2786
2790
2796
2801
2834
2845
2870
2872
2887
2902
2921
2933
2933
2940
2953
2983
2988
3000
3016
3030
3030
3039
3044
3045
3065
3072
3084
3101
3130
3133
3153
3158
3159
3162
3176
3177
3186
3197
3205
3217
3223
3233
3234
3253
3268
3289
3316
3346
3357
3368
3399
3406
3407
3411
3415
3424
3428
3461
3474
3483
3484
3520
3522
3524
3528
3538
3541
3546
3549
3550
3558
3572
3582
3597
3602
3611
3630
3657
3659
3663
3668
3673
3683
3684
3699
3704
3738
3750
3752
3754
3764
3777
3784
3799
3804
3818
3830
3854
3860
3860
3866
3866
3872
3881
3895
3899
3904
3921
3956
3960
3966
3975
3988
4001
4005
4020
4021
4031
4044
4055
4057
4057
4068
4087
4088
4093
4100
4101
4107
4126
4132
4153
4164
4164
4177
4186
4188
4189
4189
4225
4231
4238
4245
4246
4246
4251
4252
4252
4253
4264
4271
4294
4305
4315
4323
4330
4336
4337
4350
4361
4383
4385
4395
4400
4403
4408
4420
4438
4474
4475
4485
4488
4497
4510
4514
4523
4533
4534
4537
4549
4551
4552
4554
4565
4575
4608
4626
4627
4630
4635
4652
4654
4666
4668
4688
4690
4692
4716
4726
4729
4736
4741
4752
4764
4765
4774
4786
4796
4807
4812
4814
4815
4818
4850
4852
4855
4865
4872
4880
4885
4886
4892
4896
4907
4913
4919
4919
4930
4940
4943
4948
4950
4956
4970
4970
4973
4978
4978
4990
5011
5027
5027
5045
5069
5069
5086
5091
5100
5117
5120
5132
5139
5142
5150
5152
5160
5165
5165
5172
5179
5184
5207
5224
5224
5256
5264
5267
5273
5286
5309
5309
5318
5319
5343
5348
5353
5364
5366
5376
5384
5384
5394
5413
5424
5428
5439
5498
5501
5504
5519
5520
5563
5595
5603
5604
5607
5623
5623
5628
5659
5689
5691
5701
5704
5707
5712
5717
5719
5720
5745
5747
5758
5778
5789
5797
5798
5799
5839
5845
5849
5860
5863
5867
5876
5886
5887
5894
5901
5901
5906
5909
5913
5922
5936
5961
5966
5987
5995
6004
6030
6038
6049
6055
6056
6075
6080
6119
6123
6126
6128
6129
6145
6150
6151
6155
6161
6167
6178
6181
6185
6195
6202
6222
6229
6237
6239
6250
6256
6264
6268
6270
6274
6303
6305
6310
6325
6365
6367
6374
6376
6407
6408
6424
6453
6478
6485
6503
6532
6534
6555
6574
6588
6593
6597
6603
6615
6635
6637
6655
6664
6671
6672
6678
6696
6710
6714
6726
6752
6755
6764
6776
6822
6842
6847
6851
6852
6858
6858
6869
6872
6890
6908
6916
6930
6931
6936
6940
6970
6978
6978
6987
6997
7006
7008
7012
7035
7050
7066
7075
7089
7089
7092
7097
7099
7106
7120
7160
7181
7182
7186
7203
7204
7215
7221
7222
7223
7233
7246
7301
7304
7307
7311
7317
7326
7357
7391
7395
7399
7422
7440
7456
7462
7462
7466
7476
7491
7491
7501
7512
7518
7520
7521
7544
7548
7555
7558
7559
7559
7564
7594
7604
7605
7608
7623
7631
7635
7650
7663
7668
7671
7675
7678
7694
7699
7717
7727
7729
7731
7738
7761
7780
7783
7793
7793
7801
7805
7808
7870
7901
7906
7916
7923
7929
7957
7966
7972
7982
7991
8008
8030
8080
8097
8112
8126
8128
8129
8130
8130
8159
8163
8164
8174
8190
8198
8202
8204
8210
8213
8228
8237
8250
8250
8259
8267
8281
8297
8304
8306
8311
8326
8340
8376
8382
8385
8402
8448
8483
8492
8496
8500
8517
8521
8548
8556
8560
8560
8565
8567
8579
8580
8585
8595
8596
8596
8602
8611
8622
8625
8628
8631
8667
8671
8674
8675
8690
8694
8703
8713
8715
8732
8753
8758
8760
8782
8783
8788
8802
8803
8835
8856
8862
8863
8868
8870
8886
8898
8913
8914
8934
8965
8968
8972
8978
8981
8991
8991
8996
9005
9038
9045
9048
9057
9058
9067
9088
9089
9092
9101
9117
9143
9148
9154
9181
9194
9204
9232
9238
9251
9256
9265
9279
9280
9299
9300
9346
9364
9366
9389
9400
9401
9405
9410
9434
9437
9442
9462
9463
9465
9488
9497
9511
9536
9544
9548
9558
9596
9609
9651
9673
9678
9686
9706
9722
9722
9723
9730
9752
9758
9759
9765
9780
9789
9798
9816
9824
9830
9833
9869
9881
9882
9890
9893
9907
9937
9940
9942
9943
9956
9957
9970
