8
15
18
25
31
41
60
71
87
92
93
96
97
135
148
150
157
159
171
208
250
274
276
279
296
297
300
306
310
312
334
337
337
344
359
374
401
401
411
413
434
442
447
452
455
467
475
479
482
483
483
506
511
524
525
534
537
539
549
549
559
568
602
619
621
637
639
677
679
685
728
746
748
758
758
770
770
784
808
834
853
887
889
900
917
938
943
949
952
973
976
977
989
993
995
1001
1024
1036
1039
1054
1071
1095
1095
1116
1148
1151
1157
1159
1163
1170
1183
1200
1204
1205
1224
1225
1229
1271
1281
1284
1286
1297
1311
1316
1318
1319
1320
1337
1343
1350
1356
1364
1387
1400
1410
1423
1426
1433
1434
1439
1440
1440
1443
1446
1462
1479
1481
1495
1502
1508
1525
1532
1544
1558
1577
1578
1604
1614
1619
1622
1624
1653
1657
1660
1666
1669
1670
1686
1703
1707
1709
1709
1712
1726
1733
1740
1743
1760
1770
1770
1789
1793
1799
1803
1805
1808
1810
1810
1819
1844
1848
1849
1890
1913
1932
1945
1952
1967
1971
1974
1981
2002
2002
2002
2007
2021
2026
2030
2031
2044
2047
2047
2061
2069
2077
2078
2082
2091
2114
2128
2137
2142
2144
2146
2148
2164
2180
2184
2184
2196
2200
2203
2220
2235
2239
2252
2263
2270
2283
2297
2298
2330
2345
2346
2364
2364
2369
2385
2386
2386
2395
2433
2453
2453
2479
2479
2490
2531
2532
2533
2536
2547
2549
2555
2558
2561
2564
2583
2586
2589
2589
2590
2595
2613
2627
2649
2655
2658
2675
2681
2716
2717
2720
2723
2725
2728
2747
2750
2751
2755
2756
2756
2758
2761
2763
2767
2800
2833
2834
2847
2848
2872
2890
2917
2933
2936
2958
2982
3003
3008
3012
3020
3023
3025
3025
3032
3045
3045
3059
3074
3076
3091
3120
3125
3128
3128
3129
3145
3169
3179
3181
3198
3204
3262
3267
3299
3319
3319
3340
3340
3354
3357
3358
3364
3367
3368
3373
3381
3381
3426
3434
3435
3452
3461
3473
3522
3526
3544
3566
3569
3578
3639
3643
3645
3672
3720
3728
3739
3744
3754
3770
3772
3785
3789
3800
3808
3839
3849
3854
3859
3875
3880
3881
3885
3896
3907
3928
3930
3942
3954
3960
3962
3980
4005
4021
4037
4040
4040
4040
4045
4052
4060
4063
4067
4071
4088
4095
4108
4115
4116
4126
4144
4149
4164
4165
4198
4206
4227
4247
4252
4257
4258
4260
4263
4269
4277
4296
4314
4328
4329
4382
4383
4409
4411
4428
4451
4461
4466
4470
4472
4481
4495
4497
4502
4508
4513
4513
4530
4532
4533
4538
4541
4562
4573
4576
4610
4620
4624
4626
4633
4682
4691
4697
4702
4705
4713
4743
4749
4754
4755
4764
4777
4778
4783
4796
4807
4811
4879
4887
4887
4899
4906
4948
4964
4966
4970
4976
4990
4998
5026
5064
5065
5077
5077
5078
5088
5097
5100
5114
5120
5123
5124
5131
5142
5152
5163
5180
5188
5198
5211
5223
5223
5240
5248
5258
5261
5264
5274
5285
5293
5299
5304
5309
5335
5346
5349
5349
5352
5353
5375
5397
5403
5408
5437
5438
5444
5458
5459
5489
5493
5502
5507
5517
5525
5527
5533
5533
5535
5556
5586
5611
5622
5641
5668
5677
5684
5692
5694
5699
5700
5700
5701
5704
5705
5717
5719
5730
5730
5740
5743
5777
5777
5799
5815
5815
5834
5836
5849
5859
5859
5890
5897
5902
5926
5928
5941
5945
5950
5955
5959
5961
5975
5986
5990
6006
6007
6029
6031
6032
6044
6063
6074
6096
6098
6105
6121
6122
6128
6128
6132
6135
6152
6152
6154
6189
6200
6221
6233
6237
6248
6252
6256
6273
6279
6301
6303
6327
6329
6340
6344
6358
6388
6390
6409
6423
6431
6439
6445
6445
6460
6464
6472
6485
6489
6489
6511
6529
6532
6535
6538
6545
6562
6563
6573
6576
6577
6581
6588
6600
6627
6637
6637
6648
6653
6654
6656
6667
6670
6674
6676
6681
6694
6696
6702
6707
6714
6719
6725
6740
6748
6753
6770
6787
6810
6820
6825
6844
6851
6856
6856
6872
6876
6877
6886
6898
6902
6905
6918
6920
6922
6926
6930
6967
6970
6971
6992
6998
7000
7019
7025
7088
7093
7099
7100
7115
7147
7150
7153
7175
7175
7186
7194
7203
7211
7214
7216
7221
7231
7278
7279
7299
7316
7317
7345
7349
7353
7368
7385
7410
7425
7432
7458
7459
7465
7471
7494
7511
7516
7525
7541
7548
7554
7555
7557
7561
7596
7604
7605
7613
7614
7619
7620
7623
7624
7634
7639
7643
7650
7651
7659
7662
7662
7673
7699
7707
7710
7738
7740
7750
7783
7795
7802
7809
7833
7847
7855
7868
7885
7891
7900
7915
7935
7945
7945
7945
7959
7967
7967
7973
7986
8006
8007
8010
8019
8042
8049
8050
8054
8056
8074
8080
8106
8126
8131
8135
8145
8145
8148
8156
8159
8189
8190
8206
8207
8211
8247
8252
8267
8274
8275
8281
8293
8300
8313
8349
8367
8378
8391
8418
8439
8459
8460
8472
8491
8527
8535
8536
8541
8547
8551
8580
8582
8615
8617
8620
8628
8645
8650
8653
8654
8661
8669
8670
8683
8691
8714
8743
8745
8749
8760
8760
8775
8802
8806
8815
8829
8835
8856
8870
8877
8897
8902
8922
8928
8929
8938
8939
8950
8954
8954
8965
8966
8991
9001
9002
9004
9015
9015
9022
9023
9045
9066
9082
9090
9101
9113
9114
9115
9117
9119
9131
9147
9150
9156
9165
9193
9194
9196
9205
9215
9220
9224
9231
9238
9260
9261
9270
9282
9291
9306
9337
9340
9343
9343
9369
9376
9381
9389
9390
9393
9393
9396
9396
9437
9447
9455
9463
9474
9488
9490
9490
9518
9527
9528
9558
9564
9601
9604
9624
9631
9633
9640
9663
9666
9672
9682
9686
9694
9695
9712
9722
9726
9733
9741
9749
9763
9783
9813
9813
9819
9825
9828
9836
9840
9845
9878
9907
9920
9926
9929
9929
9936
9938
9944
9954
9959
9963
9963
9973
9989
