15
17
18
18
25
38
38
77
83
100
100
110
111
120
132
134
137
139
150
153
153
156
190
222
227
229
247
262
264
269
307
310
311
312
321
339
382
398
416
431
455
466
478
479
483
500
502
507
514
556
561
571
572
582
591
602
620
627
637
651
655
666
671
682
688
711
712
724
734
735
740
754
764
776
781
789
806
822
834
859
889
894
907
911
922
950
963
963
967
968
977
1001
1004
1008
1024
1040
1040
1055
1071
1075
1076
1085
1091
1149
1157
1179
1187
1190
1206
1210
1211
1213
1216
1218
1224
1228
1235
1238
1247
1269
1308
1312
1317
1318
1322
1325
1329
1332
1337
1350
1355
1384
1407
1432
1434
1440
1443
1462
1484
1491
1502
1508
1516
1531
1556
1556
1574
1587
1602
1614
1615
1634
1639
1652
1654
1712
1713
1718
1726
1740
1743
1770
1786
1801
1811
1825
1829
1837
1845
1864
1864
1879
1885
1892
1900
1902
1906
1933
1942
1942
1944
1947
1957
1967
1981
1986
1987
1989
2000
2082
2094
2095
2097
2117
2123
2128
2129
2144
2148
2148
2150
2184
2202
2203
2207
2218
2232
2252
2258
2260
2269
2284
2310
2313
2318
2320
2325
2333
2333
2341
2342
2346
2346
2347
2350
2376
2403
2406
2413
2422
2439
2443
2451
2475
2484
2499
2515
2526
2528
2553
2561
2570
2579
2580
2582
2600
2602
2606
2618
2627
2638
2661
2677
2681
2694
2716
2737
2738
2742
2759
2760
2761
2772
2778
2788
2813
2813
2817
2833
2834
2847
2853
2859
2860
2868
2869
2879
2880
2883
2887
2889
2896
2917
2919
2924
2924
2933
2940
2981
2985
2994
2995
3009
3025
3033
3035
3045
3049
3059
3062
3070
3085
3121
3128
3129
3144
3153
3154
3169
3188
3190
3194
3222
3222
3227
3241
3251
3255
3258
3262
3295
3298
3298
3300
3326
3340
3344
3364
3368
3380
3380
3384
3388
3424
3461
3462
3474
3480
3508
3516
3519
3522
3534
3538
3539
3539
3546
3555
3566
3567
3569
3580
3582
3584
3584
3585
3588
3630
3659
3672
3672
3676
3679
3689
3690
3694
3700
3715
3716
3723
3726
3746
3748
3751
3774
3779
3785
3825
3827
3837
3839
3852
3854
3854
3866
3869
3885
3885
3896
3911
3918
3924
3948
3964
3990
4004
4021
4052
4054
4061
4063
4075
4081
4085
4088
4102
4117
4130
4141
4147
4156
4164
4165
4168
4171
4192
4227
4236
4259
4260
4273
4287
4293
4304
4311
4321
4331
4337
4341
4344
4345
4383
4388
4392
4398
4399
4415
4417
4418
4428
4432
4456
4461
4468
4470
4482
4489
4490
4492
4495
4499
4501
4513
4521
4522
4549
4549
4550
4552
4559
4560
4586
4588
4599
4613
4615
4619
4626
4633
4633
4667
4709
4714
4717
4727
4755
4758
4764
4766
4766
4822
4867
4874
4891
4939
4941
4944
4949
4971
4973
4974
4990
5000
5007
5009
5020
5025
5027
5032
5040
5046
5051
5062
5077
5079
5085
5100
5100
5110
5120
5129
5139
5141
5144
5145
5153
5185
5214
5221
5223
5234
5236
5262
5264
5269
5273
5276
5288
5302
5303
5309
5313
5316
5319
5328
5330
5338
5349
5349
5349
5359
5363
5369
5381
5382
5385
5419
5433
5436
5437
5457
5461
5474
5492
5502
5520
5533
5539
5545
5545
5549
5558
5581
5585
5615
5622
5626
5626
5661
5668
5677
5684
5701
5705
5717
5719
5732
5735
5743
5755
5758
5771
5786
5788
5795
5799
5818
5822
5825
5856
5861
5872
5875
5884
5888
5892
5898
5914
5922
5941
5961
5979
5983
5999
6015
6019
6024
6032
6051
6071
6075
6076
6092
6096
6099
6101
6112
6115
6117
6120
6128
6130
6132
6147
6152
6168
6173
6198
6233
6234
6235
6239
6240
6241
6241
6256
6271
6274
6359
6385
6400
6403
6407
6433
6439
6440
6441
6445
6519
6521
6521
6525
6532
6538
6542
6544
6565
6572
6581
6583
6596
6602
6607
6616
6626
6636
6637
6639
6643
6654
6656
6660
6688
6696
6704
6705
6741
6742
6748
6751
6766
6805
6815
6817
6826
6836
6841
6852
6866
6868
6883
6888
6890
6898
6905
6930
6939
6966
6966
6966
6967
6971
6973
6975
6986
6998
7003
7006
7007
7012
7025
7028
7049
7056
7092
7115
7129
7146
7153
7173
7182
7186
7191
7194
7198
7212
7221
7222
7248
7251
7257
7262
7276
7285
7299
7317
7317
7318
7320
7320
7349
7365
7369
7380
7385
7402
7418
7421
7432
7439
7457
7485
7486
7494
7497
7503
7508
7511
7516
7522
7529
7531
7532
7533
7545
7555
7570
7605
7613
7616
7620
7627
7631
7639
7642
7650
7659
7662
7671
7697
7699
7708
7718
7719
7738
7740
7742
7754
7759
7776
7809
7843
7907
7917
7931
7940
7945
7949
7950
7954
7959
7967
7971
7974
7979
7996
7997
8001
8056
8076
8080
8092
8098
8126
8127
8128
8133
8145
8148
8149
8170
8171
8182
8182
8182
8209
8231
8242
8267
8273
8281
8283
8288
8301
8312
8314
8331
8345
8345
8349
8354
8362
8374
8385
8391
8403
8404
8405
8422
8425
8441
8461
8464
8493
8511
8526
8534
8535
8545
8556
8561
8561
8565
8572
8580
8645
8646
8654
8670
8690
8692
8702
8725
8728
8740
8760
8763
8780
8783
8784
8802
8826
8829
8842
8856
8870
8878
8889
8894
8899
8917
8922
8926
8932
8952
8965
8984
8989
9001
9004
9005
9056
9058
9087
9090
9091
9092
9097
9099
9101
9110
9115
9117
9132
9134
9155
9176
9189
9194
9197
9198
9208
9223
9224
9230
9248
9273
9292
9293
9308
9311
9315
9317
9319
9324
9329
9333
9339
9339
9350
9353
9369
9369
9381
9385
9387
9389
9448
9450
9454
9455
9458
9463
9475
9484
9487
9487
9488
9495
9513
9523
9528
9532
9553
9555
9556
9556
9585
9589
9622
9631
9656
9690
9695
9702
9704
9721
9724
9733
9741
9741
9780
9787
9794
9823
9837
9847
9872
9878
9879
9880
9901
9904
9907
9934
9962
9964
9965
9967
9976
