4
6
8
10
11
14
14
24
36
38
84
87
94
102
106
119
124
128
129
145
146
148
150
164
170
180
191
205
207
240
248
277
277
298
308
312
315
326
339
348
351
351
361
385
394
415
421
428
432
452
466
467
471
480
483
489
498
500
506
510
511
511
512
523
545
552
554
563
563
575
578
602
606
622
625
627
639
642
651
662
676
701
732
736
756
776
778
785
799
817
818
860
861
879
889
904
917
920
925
942
950
977
981
981
992
1001
1014
1016
1021
1024
1026
1032
1050
1055
1073
1074
1089
1092
1107
1133
1133
1141
1141
1143
1144
1152
1157
1160
1169
1301
1317
1318
1351
1364
1373
1391
1396
1421
1423
1425
1430
1434
1450
1462
1477
1483
1483
1498
1502
1503
1524
1530
1541
1557
1559
1561
1575
1584
1585
1587
1604
1614
1617
1670
1683
1697
1707
1720
1725
1737
1743
1745
1747
1750
1770
1770
1791
1793
1797
1813
1857
1878
1885
1888
1888
1894
1895
1906
1922
1934
1943
1958
1960
1965
1972
2009
2016
2019
2030
2045
2046
2059
2070
2077
2126
2135
2144
2174
2176
2177
2179
2200
2202
2205
2215
2221
2222
2240
2250
2252
2263
2277
2296
2330
2332
2346
2367
2372
2372
2374
2383
2383
2401
2412
2412
2413
2413
2415
2422
2433
2434
2438
2454
2466
2491
2497
2511
2531
2561
2581
2604
2609
2612
2616
2620
2635
2643
2646
2651
2659
2679
2682
2695
2699
2709
2716
2720
2730
2737
2744
2756
2762
2770
2778
2786
2788
2808
2823
2834
2837
2847
2847
2854
2855
2860
2861
2890
2898
2900
2917
2920
2933
2954
2985
2989
3007
3012
3045
3050
3056
3060
3061
3068
3091
3101
3105
3116
3120
3129
3150
3150
3168
3175
3188
3201
3202
3206
3213
3235
3237
3250
3254
3263
3280
3284
3284
3292
3293
3296
3300
3304
3305
3316
3317
3356
3361
3361
3368
3372
3395
3396
3428
3443
3443
3454
3461
3461
3472
3489
3489
3500
3501
3502
3508
3520
3522
3523
3539
3543
3566
3574
3574
3575
3589
3589
3595
3607
3608
3613
3627
3687
3703
3706
3720
3732
3737
3751
3771
3779
3780
3785
3791
3809
3836
3840
3854
3858
3862
3878
3881
3890
3891
3936
3937
3938
3942
3949
4021
4023
4052
4053
4054
4055
4063
4066
4078
4083
4088
4101
4107
4116
4116
4136
4143
4159
4160
4163
4164
4170
4170
4171
4174
4190
4191
4191
4200
4205
4212
4218
4246
4252
4263
4265
4270
4285
4301
4304
4309
4318
4324
4329
4341
4350
4370
4377
4383
4388
4398
4404
4404
4415
4416
4418
4438
4449
4463
4469
4474
4495
4498
4509
4513
4513
4516
4523
4530
4533
4580
4585
4626
4634
4643
4652
4684
4706
4723
4726
4739
4750
4753
4764
4767
4783
4787
4791
4795
4798
4821
4844
4851
4855
4903
4903
4905
4915
4924
4935
4937
4940
4944
4987
4990
4999
5006
5044
5063
5082
5091
5100
5101
5108
5119
5123
5141
5142
5143
5144
5145
5154
5169
5170
5216
5226
5229
5231
5233
5235
5237
5242
5253
5254
5258
5264
5271
5272
5274
5277
5284
5309
5309
5318
5326
5333
5337
5349
5355
5367
5368
5370
5428
5431
5437
5458
5464
5470
5471
5487
5493
5500
5512
5560
5564
5574
5586
5587
5594
5597
5606
5611
5631
5640
5646
5653
5654
5660
5667
5670
5692
5701
5704
5705
5708
5715
5717
5719
5720
5748
5771
5775
5779
5786
5790
5799
5812
5812
5818
5819
5838
5844
5854
5882
5893
5901
5907
5919
5934
5960
5965
5974
5985
5986
5996
5997
6032
6061
6082
6085
6094
6096
6105
6108
6112
6115
6147
6152
6168
6172
6178
6220
6220
6230
6233
6238
6240
6241
6256
6256
6260
6263
6286
6288
6305
6307
6315
6317
6343
6350
6352
6359
6373
6375
6385
6392
6408
6408
6409
6419
6427
6439
6469
6472
6498
6517
6522
6525
6532
6569
6583
6594
6599
6617
6634
6681
6687
6689
6696
6719
6740
6773
6784
6790
6824
6851
6868
6869
6903
6911
6916
6920
6930
6953
6957
6964
6970
6979
6987
6997
6998
7017
7030
7036
7046
7056
7061
7065
7117
7122
7129
7150
7153
7185
7186
7193
7198
7219
7248
7249
7272
7272
7304
7305
7317
7318
7323
7346
7347
7350
7351
7360
7360
7369
7369
7374
7399
7405
7447
7463
7473
7484
7494
7505
7512
7524
7525
7529
7532
7543
7548
7551
7555
7588
7596
7604
7605
7607
7616
7619
7619
7620
7634
7634
7649
7650
7659
7660
7661
7662
7675
7681
7682
7687
7691
7694
7699
7700
7704
7707
7714
7714
7730
7738
7738
7763
7768
7770
7772
7773
7794
7797
7807
7820
7821
7833
7834
7838
7839
7841
7844
7847
7854
7856
7860
7902
7926
7934
7936
7937
7938
7945
7965
7978
7991
8041
8052
8060
8061
8067
8068
8072
8080
8082
8088
8107
8126
8126
8127
8145
8158
8171
8171
8185
8212
8219
8224
8230
8231
8244
8267
8269
8275
8281
8289
8297
8303
8317
8335
8347
8363
8374
8385
8391
8401
8409
8460
8460
8475
8475
8483
8484
8485
8491
8493
8497
8505
8527
8529
8535
8538
8551
8556
8566
8580
8591
8605
8612
8643
8647
8654
8668
8695
8695
8720
8725
8731
8733
8734
8735
8737
8745
8760
8775
8781
8796
8829
8870
8887
8898
8899
8905
8922
8933
8946
8949
8956
8960
8970
8980
8987
8991
8994
9039
9049
9074
9084
9086
9101
9102
9112
9117
9121
9126
9148
9168
9172
9187
9190
9220
9245
9257
9261
9265
9271
9280
9282
9283
9313
9320
9321
9330
9385
9389
9392
9401
9407
9408
9419
9421
9438
9440
9441
9463
9466
9466
9475
9481
9486
9488
9500
9507
9512
9540
9542
9548
9561
9570
9571
9579
9591
9601
9606
9619
9631
9632
9652
9662
9680
9685
9691
9714
9751
9755
9772
9775
9778
9782
9814
9816
9825
9834
9841
9847
9886
9887
9891
9907
9909
9922
9923
9934
9941
