11
11
25
32
38
47
64
90
93
97
102
124
131
150
153
154
175
203
208
209
218
222
239
264
264
305
308
308
310
319
332
333
339
339
360
378
398
407
446
468
483
490
490
507
507
511
545
545
552
552
556
559
563
565
620
628
637
651
651
664
669
673
681
711
724
728
750
763
787
843
861
866
879
886
889
889
914
922
922
925
925
947
956
970
975
977
1001
1009
1024
1043
1064
1071
1088
1089
1141
1141
1142
1157
1160
1179
1194
1204
1221
1224
1226
1258
1271
1282
1286
1288
1289
1294
1308
1318
1322
1323
1350
1356
1382
1423
1434
1439
1440
1440
1444
1447
1450
1462
1464
1464
1468
1479
1479
1486
1502
1502
1508
1532
1532
1548
1553
1560
1572
1602
1603
1604
1614
1623
1654
1660
1680
1715
1716
1718
1743
1768
1770
1770
1820
1837
1837
1844
1844
1858
1870
1890
1906
1906
1909
1918
1921
1932
1954
1958
1967
1995
2017
2023
2030
2037
2059
2059
2067
2074
2078
2080
2085
2095
2115
2129
2144
2148
2174
2184
2196
2205
2236
2240
2262
2263
2275
2293
2301
2313
2329
2367
2386
2387
2402
2403
2403
2410
2412
2412
2418
2441
2441
2491
2496
2497
2497
2516
2527
2533
2540
2546
2558
2558
2561
2564
2583
2592
2616
2616
2623
2625
2632
2650
2652
2684
2688
2690
2692
2695
2695
2695
2707
2716
2716
2725
2725
2730
2731
2745
2781
2787
2790
2797
2828
2834
2847
2857
2859
2871
2878
2878
2892
2904
2910
2933
2933
2940
2952
2958
2977
2983
2992
3023
3025
3029
3033
3034
3045
3046
3059
3085
3096
3139
3139
3150
3158
3161
3168
3175
3175
3176
3176
3181
3206
3206
3207
3213
3213
3242
3274
3308
3308
3326
3326
3364
3368
3400
3418
3420
3427
3461
3474
3483
3487
3494
3501
3501
3518
3518
3522
3539
3543
3543
3544
3564
3565
3566
3567
3574
3589
3589
3597
3615
3673
3674
3700
3723
3725
3739
3739
3749
3750
3756
3766
3772
3779
3813
3818
3836
3836
3851
3854
3854
3877
3877
3879
3882
3884
3893
3895
3895
3896
3896
3897
3898
3899
3907
3907
3936
3939
3947
3955
3973
3977
3993
3999
4003
4007
4011
4021
4023
4023
4036
4052
4052
4052
4053
4053
4054
4062
4064
4074
4076
4081
4082
4088
4140
4152
4160
4164
4165
4167
4170
4192
4193
4195
4203
4208
4224
4235
4239
4250
4260
4273
4273
4288
4291
4337
4337
4371
4383
4396
4402
4405
4411
4415
4448
4452
4454
4461
4469
4482
4484
4486
4495
4498
4501
4503
4509
4516
4516
4523
4532
4533
4538
4541
4546
4549
4553
4560
4580
4590
4599
4615
4626
4629
4633
4751
4755
4764
4781
4787
4787
4824
4826
4839
4847
4861
4863
4871
4886
4891
4905
4924
4931
4933
4955
4977
4977
4982
4990
4992
5006
5029
5029
5032
5077
5098
5100
5110
5118
5120
5128
5132
5163
5169
5182
5199
5210
5223
5225
5237
5242
5242
5243
5249
5254
5254
5264
5277
5277
5288
5290
5302
5309
5321
5336
5349
5349
5360
5368
5376
5384
5406
5411
5415
5419
5424
5439
5450
5457
5490
5494
5496
5501
5502
5517
5519
5527
5531
5532
5539
5550
5674
5677
5684
5690
5697
5701
5705
5706
5708
5710
5717
5719
5735
5743
5758
5795
5799
5800
5808
5808
5815
5815
5819
5869
5883
5905
5941
5954
5979
5996
5996
5998
6009
6009
6023
6024
6024
6029
6032
6035
6075
6085
6085
6089
6096
6097
6100
6128
6152
6159
6166
6172
6172
6189
6190
6196
6199
6199
6202
6218
6232
6239
6239
6241
6241
6243
6256
6257
6263
6317
6323
6323
6354
6370
6376
6389
6395
6397
6406
6408
6408
6445
6446
6462
6485
6497
6500
6504
6515
6525
6529
6532
6535
6538
6551
6581
6587
6594
6594
6609
6624
6637
6640
6645
6648
6648
6663
6666
6696
6704
6726
6726
6742
6755
6777
6777
6778
6781
6790
6790
6829
6833
6846
6857
6895
6898
6901
6907
6914
6914
6914
6930
6998
6998
6999
6999
7011
7030
7030
7049
7049
7049
7061
7085
7099
7107
7131
7131
7152
7153
7163
7163
7166
7180
7186
7193
7194
7194
7198
7221
7221
7235
7257
7257
7262
7269
7278
7287
7291
7295
7317
7344
7344
7351
7351
7361
7368
7369
7369
7372
7388
7404
7427
7444
7445
7484
7484
7511
7511
7522
7523
7526
7529
7555
7564
7569
7588
7605
7610
7619
7620
7631
7659
7675
7675
7679
7679
7679
7682
7685
7699
7704
7710
7718
7735
7738
7740
7755
7766
7768
7779
7794
7794
7805
7843
7844
7851
7853
7860
7860
7863
7868
7906
7934
7934
7935
7956
7959
7967
7968
7974
7976
7997
8006
8013
8030
8036
8037
8038
8056
8076
8076
8098
8112
8120
8122
8126
8148
8156
8156
8164
8211
8217
8217
8223
8228
8242
8253
8259
8267
8273
8281
8290
8290
8296
8305
8314
8315
8327
8330
8343
8349
8355
8361
8362
8368
8376
8384
8385
8414
8418
8421
8434
8438
8444
8448
8457
8470
8471
8472
8478
8491
8496
8497
8497
8529
8551
8556
8556
8578
8579
8580
8582
8587
8590
8605
8615
8622
8635
8654
8664
8682
8696
8704
8710
8714
8725
8725
8726
8736
8760
8762
8768
8774
8802
8805
8808
8843
8847
8865
8870
8877
8891
8897
8901
8907
8941
8944
8944
8965
8965
8971
8973
9001
9004
9008
9023
9032
9039
9049
9054
9055
9062
9065
9067
9074
9087
9101
9110
9115
9117
9123
9125
9132
9137
9158
9164
9172
9172
9181
9181
9181
9186
9186
9189
9189
9205
9207
9231
9248
9257
9257
9257
9268
9281
9282
9287
9293
9294
9310
9332
9340
9345
9369
9375
9381
9389
9398
9398
9414
9438
9438
9439
9455
9458
9463
9475
9481
9481
9488
9498
9498
9528
9532
9542
9573
9576
9590
9599
9604
9624
9632
9646
9652
9656
9672
9688
9699
9702
9702
9715
9736
9742
9760
9784
9794
9808
9836
9907
9925
9948
9977
