0
8
8
8
11
11
12
14
17
37
66
83
95
99
126
130
136
157
164
175
189
192
208
223
240
286
303
308
308
339
339
349
375
377
402
411
411
428
437
461
462
477
504
505
511
511
521
526
527
540
544
545
545
552
552
556
572
583
607
621
645
645
651
651
655
656
659
661
664
726
734
748
753
759
785
785
786
797
813
850
874
919
925
925
930
935
939
954
962
1009
1011
1019
1033
1034
1036
1063
1070
1109
1118
1141
1141
1141
1179
1186
1195
1225
1237
1242
1257
1257
1282
1282
1284
1308
1362
1364
1370
1388
1403
1415
1418
1428
1434
1447
1463
1472
1486
1507
1510
1529
1532
1536
1547
1552
1553
1553
1585
1588
1604
1604
1607
1610
1630
1647
1653
1670
1670
1706
1747
1749
1754
1767
1770
1770
1774
1793
1793
1799
1812
1816
1821
1823
1887
1892
1894
1895
1907
1924
1926
1935
1938
1971
1982
1988
1994
2009
2030
2036
2059
2059
2073
2077
2077
2078
2078
2080
2101
2113
2163
2163
2164
2168
2175
2180
2180
2189
2196
2196
2200
2200
2203
2210
2231
2247
2259
2263
2263
2275
2303
2316
2340
2346
2355
2359
2359
2362
2377
2378
2384
2397
2412
2412
2415
2417
2441
2451
2452
2459
2468
2472
2475
2481
2483
2496
2497
2497
2498
2502
2508
2520
2531
2531
2546
2555
2558
2560
2570
2581
2590
2591
2597
2607
2616
2617
2626
2644
2652
2652
2659
2661
2685
2695
2695
2708
2716
2716
2716
2728
2749
2782
2783
2793
2853
2863
2878
2878
2880
2917
2918
2927
2935
2948
2958
2977
2977
2981
2993
2999
3000
3000
3021
3047
3058
3071
3085
3089
3091
3123
3128
3133
3140
3153
3157
3190
3194
3206
3206
3209
3210
3213
3230
3231
3256
3256
3258
3267
3268
3277
3278
3284
3303
3305
3306
3331
3333
3342
3343
3361
3362
3376
3434
3449
3460
3473
3491
3501
3501
3509
3528
3536
3543
3543
3553
3573
3574
3589
3589
3605
3610
3613
3622
3635
3645
3670
3671
3673
3683
3691
3694
3722
3734
3772
3772
3797
3836
3836
3881
3881
3883
3896
3900
3901
3919
3942
3950
3974
3975
4003
4021
4023
4023
4052
4052
4053
4053
4055
4064
4083
4092
4101
4112
4114
4120
4141
4144
4153
4154
4156
4163
4184
4205
4224
4224
4227
4232
4233
4252
4252
4262
4262
4267
4271
4277
4292
4314
4324
4325
4325
4326
4326
4345
4366
4367
4375
4376
4383
4397
4404
4415
4431
4456
4461
4474
4509
4516
4516
4516
4533
4533
4535
4536
4540
4554
4571
4576
4607
4627
4631
4659
4678
4700
4702
4710
4712
4714
4720
4721
4729
4731
4736
4736
4741
4757
4760
4780
4787
4787
4806
4821
4841
4846
4861
4862
4936
4965
4977
4977
4980
4998
5021
5029
5029
5040
5040
5044
5055
5059
5088
5089
5091
5094
5110
5110
5115
5123
5129
5133
5141
5168
5174
5222
5242
5242
5254
5254
5258
5262
5277
5277
5326
5326
5328
5336
5340
5358
5371
5372
5383
5384
5437
5438
5456
5473
5484
5492
5493
5493
5498
5509
5527
5542
5550
5555
5565
5565
5586
5586
5604
5611
5611
5620
5642
5662
5663
5665
5671
5672
5681
5684
5704
5704
5704
5709
5721
5730
5732
5751
5762
5792
5833
5881
5904
5914
5931
5950
5950
5953
5959
5963
5965
5968
5974
5982
5983
5984
5986
5986
5991
5996
5996
5998
5999
6004
6007
6032
6036
6040
6045
6047
6049
6050
6065
6069
6074
6076
6078
6082
6085
6085
6099
6149
6154
6156
6172
6172
6176
6180
6189
6197
6214
6221
6232
6232
6234
6241
6241
6260
6275
6300
6304
6336
6342
6350
6352
6368
6376
6393
6404
6408
6408
6423
6425
6428
6454
6470
6482
6489
6493
6504
6504
6514
6518
6542
6594
6594
6596
6598
6606
6619
6620
6625
6633
6644
6648
6648
6662
6670
6685
6705
6709
6719
6734
6745
6747
6748
6768
6774
6778
6778
6790
6790
6815
6822
6823
6836
6845
6850
6851
6851
6875
6880
6900
6906
6907
6907
6911
6914
6969
6970
6970
6979
6998
6998
6999
6999
7021
7025
7030
7030
7031
7043
7072
7073
7074
7075
7078
7096
7104
7107
7157
7173
7176
7182
7193
7193
7198
7213
7216
7217
7225
7231
7252
7257
7269
7271
7286
7305
7323
7341
7346
7351
7351
7352
7359
7361
7361
7369
7372
7387
7391
7398
7406
7436
7444
7444
7475
7476
7482
7484
7484
7484
7491
7504
7510
7513
7520
7529
7538
7545
7551
7551
7564
7567
7586
7594
7601
7604
7604
7611
7619
7619
7634
7634
7658
7668
7673
7682
7682
7685
7685
7687
7773
7794
7794
7803
7840
7845
7860
7860
7864
7879
7886
7904
7905
7913
7915
7934
7934
7946
7958
7959
7960
7972
8004
8014
8037
8056
8061
8098
8128
8132
8141
8157
8182
8192
8194
8195
8197
8225
8242
8247
8257
8266
8268
8284
8296
8297
8298
8300
8314
8317
8327
8330
8332
8336
8340
8372
8442
8455
8471
8476
8478
8488
8491
8491
8497
8497
8533
8578
8579
8579
8590
8610
8611
8616
8618
8631
8631
8655
8655
8655
8670
8672
8721
8721
8741
8756
8797
8819
8845
8858
8866
8869
8871
8877
8890
8911
8960
8973
8991
8991
8994
9003
9017
9038
9045
9046
9049
9049
9108
9111
9118
9126
9134
9139
9148
9155
9172
9172
9181
9181
9186
9186
9189
9189
9189
9194
9203
9211
9211
9220
9220
9225
9236
9238
9257
9257
9261
9261
9277
9277
9282
9282
9296
9306
9323
9330
9335
9345
9353
9356
9360
9367
9372
9373
9386
9392
9394
9396
9404
9405
9418
9438
9438
9452
9457
9460
9475
9475
9481
9481
9504
9519
9530
9536
9544
9550
9551
9575
9596
9600
9602
9608
9611
9614
9617
9625
9645
9649
9682
9682
9702
9711
9714
9718
9735
9737
9738
9744
9753
9761
9777
9783
9794
9801
9816
9817
9832
9865
9904
9906
9909
9917
9921
9925
9929
9933
9941
9942
9979
