1
5
14
25
27
37
53
55
60
67
75
79
83
83
150
167
195
210
210
217
219
228
229
253
259
264
275
279
282
282
285
285
307
310
324
343
356
377
393
436
453
471
483
486
492
507
510
527
531
542
552
576
583
604
614
637
668
669
678
686
695
696
699
707
710
711
715
720
721
731
742
748
768
773
776
778
789
799
801
813
820
825
844
848
861
872
877
888
889
906
910
921
922
928
943
947
975
977
978
998
1000
1001
1012
1042
1071
1079
1082
1091
1096
1099
1104
1113
1113
1121
1125
1158
1179
1193
1208
1222
1224
1225
1236
1267
1274
1282
1299
1300
1308
1318
1323
1327
1328
1338
1344
1347
1350
1351
1357
1360
1362
1365
1369
1388
1396
1437
1440
1442
1460
1482
1502
1508
1515
1519
1537
1553
1562
1573
1583
1583
1602
1603
1614
1614
1616
1637
1649
1651
1656
1668
1695
1718
1721
1733
1740
1760
1770
1779
1806
1828
1837
1844
1852
1855
1858
1862
1868
1898
1901
1906
1917
1928
1943
1967
1971
1983
1995
1995
2001
2006
2010
2011
2035
2035
2036
2053
2056
2057
2059
2068
2068
2078
2080
2082
2083
2100
2108
2113
2120
2129
2130
2144
2148
2149
2155
2170
2175
2176
2177
2179
2181
2181
2184
2196
2227
2246
2250
2256
2259
2264
2278
2278
2299
2318
2327
2341
2344
2364
2385
2388
2393
2403
2418
2424
2440
2454
2469
2479
2479
2497
2515
2522
2523
2544
2546
2558
2560
2580
2586
2634
2647
2652
2657
2674
2683
2688
2688
2716
2717
2719
2729
2730
2742
2743
2760
2808
2810
2813
2833
2834
2835
2844
2860
2862
2864
2878
2895
2896
2898
2922
2944
2977
2996
2997
3009
3014
3032
3037
3042
3045
3047
3059
3065
3078
3085
3106
3119
3128
3150
3158
3166
3168
3185
3218
3232
3233
3235
3236
3256
3283
3286
3302
3326
3338
3343
3364
3377
3383
3384
3385
3399
3401
3443
3461
3464
3466
3474
3478
3486
3503
3505
3508
3513
3526
3566
3570
3601
3620
3620
3632
3654
3673
3694
3723
3730
3738
3752
3759
3772
3773
3807
3818
3821
3824
3833
3834
3852
3855
3855
3886
3896
3898
3906
3910
3927
3942
3948
3951
3973
3978
3979
3983
3985
4007
4009
4012
4019
4019
4021
4022
4024
4031
4046
4052
4054
4057
4059
4062
4065
4067
4081
4088
4091
4109
4109
4121
4131
4136
4138
4164
4165
4173
4218
4260
4271
4273
4275
4284
4302
4315
4317
4328
4333
4337
4349
4362
4364
4366
4380
4383
4401
4403
4404
4419
4426
4428
4432
4442
4443
4461
4461
4489
4548
4560
4583
4591
4593
4609
4618
4626
4633
4653
4673
4683
4685
4689
4702
4703
4731
4735
4745
4755
4769
4775
4787
4809
4839
4847
4858
4867
4870
4873
4880
4882
4897
4903
4904
4904
4915
4922
4931
4939
4944
4946
4947
4955
4977
4990
5021
5022
5029
5031
5038
5044
5052
5066
5077
5100
5110
5120
5130
5132
5140
5161
5161
5180
5198
5203
5207
5219
5221
5223
5224
5228
5236
5264
5265
5288
5301
5328
5333
5336
5349
5367
5391
5396
5399
5403
5408
5411
5412
5415
5424
5434
5456
5500
5511
5518
5525
5528
5554
5554
5559
5564
5590
5601
5604
5607
5625
5630
5632
5632
5641
5670
5671
5677
5684
5686
5690
5694
5701
5712
5712
5717
5719
5726
5738
5739
5743
5767
5795
5799
5802
5802
5819
5822
5846
5871
5911
5917
5922
5926
5929
5933
5941
5974
5995
6024
6026
6034
6046
6068
6069
6077
6081
6086
6086
6091
6096
6122
6128
6143
6151
6155
6156
6185
6187
6190
6192
6201
6232
6239
6247
6248
6256
6269
6274
6286
6287
6300
6315
6321
6329
6334
6339
6340
6365
6388
6407
6416
6416
6421
6425
6429
6445
6459
6463
6467
6469
6472
6492
6494
6495
6504
6513
6531
6535
6536
6543
6557
6557
6558
6561
6563
6570
6581
6592
6597
6612
6614
6617
6637
6648
6683
6696
6711
6720
6733
6736
6750
6776
6778
6826
6830
6845
6859
6867
6867
6867
6898
6899
6907
6915
6925
6930
6957
6971
6979
6999
7020
7025
7025
7029
7033
7038
7046
7049
7049
7075
7083
7084
7094
7103
7112
7120
7127
7136
7151
7159
7169
7181
7181
7186
7186
7187
7192
7193
7194
7198
7204
7221
7223
7227
7257
7259
7261
7278
7285
7293
7324
7358
7358
7359
7361
7370
7379
7382
7400
7420
7422
7444
7466
7473
7483
7495
7508
7511
7514
7525
7532
7535
7540
7554
7555
7569
7594
7605
7611
7613
7624
7633
7646
7659
7679
7685
7686
7688
7706
7725
7736
7754
7779
7787
7796
7799
7806
7808
7845
7855
7856
7866
7868
7873
7874
7880
7904
7905
7916
7921
7926
7936
7959
7965
7967
7971
7973
7974
7985
8002
8015
8056
8062
8066
8077
8086
8095
8098
8109
8117
8127
8127
8154
8168
8183
8192
8208
8209
8211
8231
8240
8250
8251
8257
8265
8279
8295
8302
8314
8315
8317
8334
8336
8348
8349
8354
8369
8370
8380
8385
8386
8397
8399
8414
8423
8431
8475
8477
8491
8494
8509
8516
8517
8548
8552
8570
8579
8609
8613
8645
8648
8690
8738
8753
8755
8760
8790
8794
8802
8814
8815
8831
8866
8870
8874
8874
8875
8875
8889
8899
8912
8931
8951
8970
9001
9004
9005
9023
9023
9024
9026
9030
9031
9044
9048
9049
9050
9061
9070
9115
9121
9132
9135
9143
9153
9156
9158
9173
9181
9183
9186
9189
9201
9202
9203
9214
9215
9225
9231
9234
9265
9274
9293
9300
9311
9321
9327
9358
9359
9359
9362
9369
9381
9385
9420
9421
9452
9455
9473
9475
9488
9488
9518
9523
9528
9534
9536
9538
9591
9593
9599
9627
9627
9631
9669
9682
9682
9703
9709
9717
9719
9733
9745
9746
9766
9773
9773
9779
9780
9785
9791
9802
9803
9817
9825
9840
9849
9860
9867
9879
9891
9904
9907
9907
9930
9940
9945
9953
9954
9963
9999
