14
18
20
25
27
36
59
67
80
92
112
115
120
124
130
147
150
155
211
223
229
264
271
290
295
310
321
321
333
343
362
363
364
378
388
400
419
422
444
455
460
468
483
488
507
526
531
561
565
602
602
637
655
662
676
685
690
708
711
723
725
754
755
760
762
770
781
791
797
812
825
833
836
853
878
889
891
911
914
922
929
931
937
950
975
977
1001
1048
1053
1058
1059
1066
1071
1099
1123
1138
1145
1148
1156
1157
1166
1169
1184
1191
1206
1224
1234
1237
1245
1266
1281
1283
1293
1308
1309
1316
1317
1318
1335
1350
1361
1382
1395
1397
1399
1405
1418
1426
1434
1438
1440
1444
1446
1449
1458
1462
1494
1502
1505
1507
1508
1526
1535
1543
1563
1564
1594
1599
1602
1603
1614
1617
1626
1647
1647
1662
1666
1681
1682
1684
1689
1705
1717
1718
1718
1720
1730
1730
1731
1743
1770
1773
1795
1801
1804
1805
1805
1825
1835
1837
1852
1862
1891
1904
1904
1906
1915
1915
1915
1933
1935
1947
1967
1977
1984
1992
2002
2020
2023
2024
2032
2040
2049
2081
2113
2126
2129
2144
2160
2165
2184
2187
2192
2198
2202
2214
2252
2258
2258
2308
2310
2324
2346
2355
2398
2403
2411
2421
2433
2440
2441
2505
2513
2514
2528
2558
2558
2561
2570
2574
2576
2578
2588
2602
2604
2606
2616
2620
2651
2659
2668
2679
2679
2692
2696
2703
2713
2723
2723
2727
2752
2753
2755
2758
2763
2780
2817
2834
2837
2847
2854
2868
2869
2876
2883
2884
2897
2917
2933
2939
2941
2953
2971
2985
3001
3013
3034
3045
3046
3059
3075
3080
3085
3091
3106
3112
3128
3129
3139
3169
3201
3202
3203
3208
3213
3224
3228
3245
3271
3284
3301
3326
3339
3346
3364
3368
3409
3432
3443
3451
3461
3468
3474
3495
3504
3520
3522
3549
3550
3561
3566
3573
3580
3596
3605
3608
3610
3626
3631
3639
3654
3657
3659
3693
3710
3718
3719
3719
3723
3749
3785
3791
3792
3816
3833
3840
3843
3854
3862
3863
3867
3878
3878
3906
3914
3930
3943
3943
3971
3973
3995
3999
3999
4021
4029
4036
4036
4037
4040
4041
4041
4052
4054
4063
4068
4077
4081
4088
4097
4097
4112
4121
4129
4158
4164
4165
4167
4171
4187
4195
4198
4215
4227
4239
4245
4254
4260
4270
4272
4273
4275
4297
4307
4319
4331
4337
4364
4367
4370
4383
4397
4399
4410
4422
4422
4429
4440
4452
4461
4464
4468
4473
4475
4481
4495
4495
4498
4513
4529
4538
4547
4560
4562
4571
4592
4594
4601
4602
4626
4633
4650
4652
4687
4711
4719
4720
4722
4745
4755
4755
4760
4764
4781
4794
4804
4815
4815
4816
4825
4830
4873
4894
4925
4935
4960
4990
5000
5005
5020
5039
5053
5059
5077
5100
5110
5120
5123
5135
5139
5154
5218
5219
5223
5231
5235
5237
5253
5254
5258
5258
5264
5288
5296
5305
5308
5309
5340
5342
5344
5349
5349
5356
5357
5358
5366
5375
5389
5392
5428
5435
5437
5457
5459
5482
5502
5515
5544
5549
5555
5561
5561
5562
5571
5576
5579
5580
5592
5602
5622
5622
5625
5627
5639
5649
5653
5656
5667
5671
5677
5683
5684
5684
5694
5701
5705
5706
5714
5717
5719
5723
5743
5761
5766
5772
5792
5795
5798
5799
5801
5801
5848
5854
5868
5870
5873
5878
5880
5885
5892
5896
5905
5927
5941
5965
5971
5971
5985
5994
6019
6024
6032
6045
6047
6066
6068
6075
6079
6088
6092
6094
6096
6096
6096
6096
6096
6128
6151
6152
6195
6217
6220
6227
6229
6233
6239
6256
6266
6280
6282
6290
6291
6292
6294
6302
6317
6317
6343
6354
6359
6367
6370
6372
6388
6406
6411
6421
6422
6439
6439
6441
6441
6444
6445
6446
6449
6453
6532
6540
6541
6542
6566
6581
6591
6592
6608
6616
6628
6630
6637
6640
6643
6643
6644
6660
6696
6715
6720
6732
6734
6743
6751
6760
6763
6763
6764
6766
6772
6793
6812
6822
6822
6826
6834
6839
6857
6857
6860
6864
6865
6865
6870
6880
6885
6892
6898
6899
6912
6930
6946
6951
6951
6955
6973
6983
7004
7018
7018
7025
7028
7045
7049
7049
7058
7060
7070
7077
7090
7091
7103
7132
7134
7147
7153
7168
7180
7186
7194
7205
7207
7221
7224
7232
7278
7293
7296
7317
7344
7369
7379
7389
7407
7438
7450
7450
7466
7467
7475
7478
7483
7499
7499
7511
7524
7541
7555
7576
7578
7586
7596
7605
7610
7612
7613
7620
7623
7626
7643
7649
7650
7657
7659
7660
7668
7699
7704
7711
7719
7738
7751
7762
7779
7785
7789
7794
7800
7812
7814
7818
7827
7836
7897
7902
7908
7923
7926
7937
7940
7945
7959
7967
7970
7972
7974
7981
7992
8007
8013
8036
8049
8056
8070
8080
8081
8086
8087
8095
8096
8099
8104
8117
8126
8135
8140
8145
8150
8150
8151
8154
8169
8175
8176
8178
8217
8233
8234
8242
8261
8267
8268
8268
8272
8281
8283
8285
8289
8289
8308
8310
8312
8323
8337
8346
8349
8360
8363
8364
8368
8369
8385
8391
8395
8411
8414
8432
8442
8447
8450
8464
8489
8502
8534
8536
8539
8556
8572
8580
8626
8641
8643
8654
8663
8667
8670
8670
8671
8672
8674
8725
8752
8756
8760
8781
8802
8824
8842
8846
8850
8870
8874
8907
8919
8922
8945
8985
8989
8998
9001
9004
9006
9007
9021
9034
9041
9058
9063
9068
9074
9101
9113
9114
9115
9117
9118
9124
9128
9132
9143
9175
9185
9188
9193
9220
9271
9272
9276
9293
9297
9322
9341
9346
9359
9361
9369
9381
9389
9420
9426
9438
9444
9446
9449
9455
9455
9463
9463
9465
9488
9507
9519
9519
9528
9537
9552
9553
9554
9581
9601
9605
9612
9631
9642
9658
9678
9708
9719
9723
9733
9761
9784
9795
9804
9812
9815
9871
9873
9891
9895
9896
9907
9911
9915
9920
9922
9939
9947
9948
9953
9964
9967
9976
