10
13
40
45
46
46
48
87
94
106
111
112
120
129
131
141
144
150
189
190
192
194
194
197
200
200
221
224
280
280
282
289
303
311
339
342
363
365
374
378
403
407
418
419
421
423
427
458
463
475
483
489
493
500
546
577
589
599
606
609
614
630
640
682
686
690
693
703
711
756
771
778
785
796
796
809
812
816
823
831
859
867
889
894
915
917
931
938
939
944
964
977
992
1001
1005
1012
1020
1035
1047
1049
1071
1084
1085
1091
1099
1111
1116
1117
1131
1157
1177
1185
1197
1198
1204
1204
1214
1242
1243
1251
1253
1271
1271
1305
1313
1318
1321
1328
1334
1350
1372
1382
1383
1395
1399
1403
1407
1408
1410
1417
1424
1456
1462
1474
1489
1493
1497
1502
1508
1508
1510
1528
1602
1607
1614
1615
1618
1623
1632
1632
1646
1668
1670
1671
1673
1676
1681
1692
1699
1721
1743
1747
1752
1762
1764
1769
1770
1780
1799
1810
1811
1814
1823
1837
1857
1861
1867
1871
1947
1949
1967
1977
1979
1984
1997
2002
2004
2042
2043
2054
2061
2064
2073
2087
2116
2122
2144
2147
2158
2165
2170
2175
2190
2194
2198
2211
2228
2232
2234
2236
2236
2244
2279
2288
2308
2338
2350
2354
2391
2419
2426
2465
2484
2496
2501
2504
2517
2518
2526
2545
2559
2561
2572
2583
2597
2602
2603
2607
2622
2630
2642
2644
2655
2682
2691
2693
2697
2706
2716
2718
2756
2770
2776
2783
2783
2793
2797
2812
2824
2834
2837
2875
2877
2878
2894
2894
2902
2919
2938
2944
2953
2958
2963
2973
2978
3032
3034
3045
3052
3057
3066
3070
3073
3079
3116
3116
3119
3125
3131
3134
3139
3157
3168
3193
3194
3195
3200
3211
3212
3230
3237
3259
3260
3285
3299
3340
3364
3366
3368
3389
3408
3410
3412
3428
3430
3433
3446
3452
3461
3479
3499
3511
3517
3522
3524
3530
3535
3543
3568
3593
3600
3622
3628
3639
3641
3663
3663
3665
3688
3691
3704
3783
3786
3802
3809
3829
3833
3841
3847
3851
3853
3854
3855
3863
3870
3870
3896
3907
3922
3938
3944
3961
3971
3988
3994
3994
4001
4010
4012
4021
4023
4032
4034
4044
4049
4066
4066
4078
4086
4088
4091
4101
4136
4150
4154
4156
4159
4164
4179
4191
4192
4205
4209
4232
4239
4267
4280
4280
4283
4296
4303
4305
4308
4309
4311
4320
4326
4327
4342
4366
4375
4383
4383
4387
4389
4402
4430
4440
4451
4469
4481
4487
4500
4511
4513
4515
4532
4539
4540
4568
4579
4592
4605
4608
4613
4626
4639
4651
4655
4657
4664
4667
4676
4689
4695
4697
4716
4721
4728
4731
4742
4764
4764
4776
4782
4794
4802
4816
4817
4820
4821
4825
4826
4834
4837
4847
4874
4874
4878
4882
4894
4926
4937
4942
4948
4965
4977
4985
4990
4990
4992
4996
5004
5021
5026
5029
5039
5059
5063
5069
5072
5080
5083
5085
5100
5136
5146
5147
5164
5166
5168
5168
5171
5180
5196
5196
5197
5207
5224
5235
5244
5245
5258
5259
5264
5290
5291
5309
5349
5356
5363
5397
5403
5407
5413
5422
5435
5440
5444
5458
5468
5479
5486
5490
5501
5503
5504
5509
5514
5525
5531
5538
5545
5546
5548
5550
5592
5603
5615
5617
5617
5638
5660
5664
5701
5709
5717
5719
5723
5728
5732
5743
5750
5760
5767
5767
5770
5774
5794
5794
5799
5815
5821
5830
5830
5837
5840
5863
5879
5881
5891
5898
5901
5934
5950
5964
5979
6008
6018
6038
6050
6055
6070
6096
6111
6128
6139
6152
6157
6158
6167
6192
6206
6246
6252
6256
6269
6282
6282
6287
6291
6301
6307
6322
6330
6345
6360
6388
6395
6403
6405
6420
6434
6463
6484
6502
6517
6518
6532
6536
6540
6544
6556
6557
6560
6561
6578
6581
6582
6587
6590
6590
6619
6624
6625
6627
6638
6648
6649
6650
6662
6673
6676
6696
6700
6708
6708
6725
6728
6733
6735
6755
6756
6770
6771
6778
6781
6782
6790
6792
6814
6828
6841
6853
6858
6861
6880
6883
6915
6930
6952
6974
6976
6976
6981
7006
7022
7035
7040
7052
7057
7059
7060
7069
7089
7102
7111
7123
7149
7180
7186
7196
7197
7210
7227
7239
7256
7287
7292
7314
7317
7322
7323
7323
7332
7337
7343
7349
7354
7377
7377
7403
7407
7416
7431
7458
7463
7469
7477
7480
7487
7521
7555
7574
7599
7605
7620
7623
7627
7630
7640
7643
7645
7660
7664
7666
7666
7674
7699
7703
7717
7720
7722
7728
7731
7735
7738
7760
7788
7806
7825
7828
7834
7843
7867
7871
7889
7891
7902
7905
7915
7936
7972
7981
7982
8012
8023
8026
8034
8059
8063
8080
8083
8083
8095
8126
8126
8128
8129
8135
8139
8146
8152
8158
8190
8198
8207
8213
8214
8227
8232
8237
8251
8258
8262
8263
8267
8281
8288
8297
8304
8328
8332
8335
8337
8338
8344
8350
8369
8389
8391
8410
8418
8419
8422
8446
8458
8467
8470
8478
8501
8504
8524
8535
8556
8563
8580
8594
8617
8637
8639
8642
8642
8648
8649
8651
8653
8656
8661
8666
8667
8682
8712
8719
8725
8729
8760
8760
8765
8770
8777
8790
8797
8801
8814
8823
8825
8847
8849
8870
8870
8871
8878
8879
8882
8883
8884
8888
8915
8943
8952
8955
8968
8972
8979
8979
8982
8992
8994
8996
9009
9017
9020
9023
9027
9047
9052
9074
9081
9098
9101
9102
9104
9117
9117
9122
9148
9150
9151
9181
9184
9193
9203
9212
9220
9222
9241
9248
9268
9277
9285
9291
9307
9329
9339
9381
9386
9389
9402
9414
9425
9429
9430
9454
9463
9471
9473
9477
9483
9488
9503
9504
9518
9544
9551
9552
9570
9588
9594
9605
9645
9681
9683
9688
9695
9705
9705
9714
9715
9717
9726
9729
9732
9737
9742
9743
9755
9765
9781
9786
9808
9813
9816
9826
9829
9846
9852
9854
9881
9907
9936
9937
9942
9945
9945
9950
9958
9982
9989
9999
