11
22
29
32
38
54
59
71
94
96
119
120
122
122
137
150
155
162
170
175
195
217
221
226
253
254
259
263
265
269
272
275
299
310
310
315
322
327
333
334
339
340
367
370
375
375
377
381
387
410
416
419
436
446
453
483
484
489
493
517
530
533
538
543
546
552
552
587
601
610
610
632
636
637
639
646
651
660
665
669
671
671
676
677
693
698
700
704
706
709
734
738
753
754
758
760
768
773
782
797
801
806
813
815
845
845
877
888
888
889
892
893
897
922
925
970
977
1001
1012
1017
1022
1028
1036
1056
1075
1098
1098
1099
1102
1112
1122
1126
1138
1141
1156
1157
1173
1173
1184
1185
1193
1200
1208
1211
1224
1250
1257
1263
1274
1276
1277
1304
1305
1313
1318
1321
1356
1360
1397
1404
1412
1420
1428
1438
1440
1443
1454
1462
1471
1502
1504
1508
1511
1540
1551
1551
1556
1584
1603
1603
1607
1614
1652
1672
1679
1686
1696
1699
1706
1713
1719
1724
1724
1725
1735
1738
1743
1770
1774
1774
1782
1785
1791
1808
1810
1810
1812
1816
1840
1841
1845
1852
1866
1893
1896
1898
1902
1922
1938
1946
1947
1948
1950
1957
1967
1967
1976
1981
2044
2044
2051
2051
2056
2096
2138
2141
2144
2169
2175
2184
2216
2224
2229
2234
2234
2243
2265
2272
2272
2280
2291
2302
2303
2308
2321
2325
2389
2405
2441
2458
2484
2491
2492
2494
2497
2507
2544
2544
2546
2561
2566
2576
2590
2594
2598
2619
2643
2652
2677
2695
2712
2713
2714
2716
2720
2734
2744
2748
2749
2775
2777
2777
2790
2792
2793
2806
2822
2834
2844
2845
2847
2847
2853
2878
2879
2882
2900
2909
2928
2938
2954
2971
3003
3007
3011
3011
3014
3045
3056
3059
3085
3100
3102
3113
3118
3153
3166
3175
3199
3201
3218
3246
3248
3249
3261
3270
3278
3288
3309
3312
3324
3328
3328
3354
3368
3379
3403
3428
3457
3461
3462
3471
3481
3482
3488
3498
3501
3506
3516
3522
3527
3537
3566
3592
3614
3619
3635
3636
3640
3649
3660
3660
3675
3681
3696
3704
3708
3710
3720
3732
3742
3756
3760
3760
3785
3786
3794
3797
3799
3809
3817
3831
3838
3842
3854
3866
3870
3896
3904
3905
3916
3924
3932
3948
3961
3975
3976
3991
3994
4005
4013
4017
4020
4021
4022
4026
4060
4071
4073
4083
4086
4088
4097
4097
4104
4133
4134
4142
4161
4164
4184
4193
4207
4239
4258
4263
4267
4269
4281
4294
4313
4316
4318
4320
4322
4332
4346
4347
4352
4382
4383
4388
4397
4397
4400
4409
4422
4423
4425
4430
4435
4455
4457
4458
4461
4483
4505
4505
4509
4516
4536
4540
4540
4547
4575
4580
4585
4598
4614
4626
4630
4635
4638
4642
4646
4659
4661
4663
4675
4682
4694
4694
4698
4741
4764
4764
4789
4792
4833
4843
4859
4865
4880
4906
4919
4935
4956
4959
4960
4960
4977
4982
4982
4990
5005
5011
5027
5029
5052
5075
5077
5100
5116
5120
5127
5132
5135
5147
5176
5176
5183
5217
5242
5264
5276
5277
5278
5300
5304
5309
5309
5311
5317
5324
5346
5349
5357
5365
5366
5373
5438
5439
5442
5461
5461
5466
5491
5499
5511
5523
5526
5531
5541
5560
5577
5589
5592
5611
5611
5632
5648
5665
5686
5690
5701
5705
5713
5717
5719
5731
5743
5746
5767
5774
5798
5799
5808
5818
5833
5855
5927
5928
5938
5941
5941
5950
5953
5962
5970
5970
5972
5984
5996
6032
6045
6051
6051
6099
6111
6128
6140
6152
6172
6178
6180
6184
6190
6207
6207
6214
6232
6236
6256
6256
6261
6274
6283
6295
6296
6300
6311
6354
6357
6361
6370
6379
6392
6401
6412
6445
6452
6458
6459
6487
6496
6507
6527
6529
6532
6565
6580
6584
6587
6592
6609
6614
6623
6627
6628
6639
6648
6648
6652
6674
6675
6684
6696
6697
6714
6733
6735
6738
6777
6790
6793
6805
6816
6818
6818
6824
6864
6874
6880
6893
6911
6930
6930
6961
6964
6968
6981
6985
6998
7000
7020
7024
7030
7040
7046
7050
7072
7089
7089
7100
7106
7106
7111
7119
7135
7166
7185
7186
7192
7194
7195
7200
7205
7215
7216
7226
7227
7240
7251
7279
7280
7296
7308
7317
7343
7351
7351
7360
7366
7394
7402
7414
7441
7466
7469
7474
7484
7486
7494
7505
7511
7524
7539
7541
7555
7570
7576
7585
7592
7597
7603
7605
7620
7624
7632
7641
7661
7678
7679
7680
7682
7686
7697
7699
7712
7733
7738
7754
7771
7772
7783
7790
7810
7852
7852
7855
7857
7877
7894
7902
7906
7912
7920
7938
7940
7960
7967
7973
7977
7984
7987
7996
8006
8031
8049
8056
8062
8083
8107
8113
8113
8114
8118
8126
8150
8226
8234
8237
8260
8266
8267
8281
8283
8296
8308
8336
8343
8349
8364
8373
8376
8380
8385
8389
8396
8398
8406
8410
8415
8439
8443
8444
8457
8497
8516
8521
8531
8532
8533
8556
8564
8572
8572
8580
8603
8603
8613
8614
8616
8618
8636
8654
8661
8666
8669
8676
8692
8696
8697
8697
8698
8732
8741
8747
8760
8763
8774
8809
8813
8816
8818
8826
8832
8834
8836
8837
8842
8848
8859
8865
8868
8870
8878
8892
8895
8902
8911
8914
8928
8929
8945
8947
8954
8963
8965
8972
8995
9004
9013
9014
9040
9056
9065
9073
9081
9085
9089
9100
9101
9115
9115
9117
9121
9132
9140
9150
9153
9181
9186
9189
9225
9235
9238
9255
9257
9273
9288
9291
9299
9324
9326
9333
9337
9375
9377
9379
9383
9383
9389
9396
9400
9407
9438
9463
9469
9473
9481
9488
9490
9494
9510
9514
9526
9526
9528
9555
9575
9585
9595
9596
9604
9607
9619
9624
9625
9633
9641
9644
9666
9683
9685
9702
9706
9706
9708
9712
9715
9743
9745
9765
9787
9798
9810
9853
9855
9907
9918
9920
9929
9940
9947
9950
9960
9981
9990
9999
